1
0.00000
0
0.00000
0
0.00000
0.05866
0.00000
0
0.00000
0
0.00000
0
0.00000
0
0.00000
0
0.00000
0
0.00000
0
0.00000
0
0.00000
0.05729
0.00000
0.07567
0.00000
0.20341
0.00000
0.06021
0.00000
0.04592
0.00000
0
0.00000
0
2
0.00000
0.11462
0.00000
0.12299
0.00000
0.11227
0.00000
0.10728
0.00000
0.09530
0.00000
0.11359
0.00000
0.11074
0.00000
0.12105
0.00000
0.13814
0.00000
0.10824
0.00000
0.11928
0.00000
0.12366
0.00000
0.12367
0.00000
0.13247
0.00000
0.12311
0.00000
0.12469
0.00000
0.12792
0.00000
0.11026
3
0.00001
0.13482
0.00002
0.13877
0.00001
0.13659
0.00002
0.13358
0.00001
0.13058
0.00001
0.13744
0.00001
0.13164
0.00001
0.13421
0.00001
0.13468
0.00001
0.13815
0.00001
0.13349
0.00001
0.13580
0.00001
0.13051
0.00001
0.13282
0.00001
0.12927
0.00001
0.13804
0.00002
0.13885
0.00001
0.13042
4
0.00012
0.15581
0.00014
0.15714
0.00013
0.15566
0.00013
0.15542
0.00013
0.15732
0.00013
0.15472
0.00013
0.15637
0.00013
0.15533
0.00013
0.15555
0.00013
0.15586
0.00013
0.15863
0.00013
0.15867
0.00013
0.15840
0.00013
0.15699
0.00014
0.15712
0.00014
0.15535
0.00013
0.15509
0.00013
0.15501
5
0.00063
0.18578
0.00064
0.18501
0.00065
0.18650
0.00066
0.18831
0.00064
0.18586
0.00069
0.18750
0.00064
0.18770
0.00065
0.18599
0.00066
0.18783
0.00064
0.18677
0.00067
0.18637
0.00065
0.18548
0.00067
0.18748
0.00065
0.18640
0.00067
0.18752
0.00067
0.18678
0.00064
0.18545
0.00067
0.18533
6
0.00221
0.22832
0.00225
0.22716
0.00227
0.22855
0.00223
0.22834
0.00224
0.22686
0.00226
0.22715
0.00218
0.22671
0.00225
0.22781
0.00218
0.22652
0.00221
0.22545
0.00222
0.22735
0.00221
0.22771
0.00224
0.22782
0.00222
0.22616
0.00221
0.22717
0.00222
0.22613
0.00217
0.22579
0.00224
0.22875
7
0.00592
0.28642
0.00606
0.28736
0.00603
0.28701
0.00598
0.28616
0.00598
0.28509
0.00600
0.28538
0.00598
0.28496
0.00604
0.28684
0.00600
0.28580
0.00597
0.28631
0.00605
0.28686
0.00605
0.28870
0.00603
0.28646
0.00599
0.28525
0.00601
0.28617
0.00601
0.28443
0.00594
0.28558
0.00601
0.28478
8
0.01402
0.37401
0.01413
0.37650
0.01403
0.37542
0.01398
0.37657
0.01389
0.37429
0.01392
0.37412
0.01406
0.37522
0.01402
0.37507
0.01403
0.37527
0.01414
0.37717
0.01403
0.37557
0.01399
0.37560
0.01410
0.37469
0.01400
0.37561
0.01403
0.37429
0.01417
0.37677
0.01393
0.37441
0.01389
0.37341
9
0.02984
0.52028
0.03007
0.52121
0.03031
0.52310
0.02981
0.52017
0.03003
0.52233
0.02999
0.52166
0.02987
0.52125
0.03029
0.52381
0.02982
0.52080
0.03009
0.52298
0.03002
0.52190
0.03003
0.52075
0.03011
0.52202
0.02986
0.51933
0.03015
0.52216
0.03004
0.52198
0.03022
0.52437
0.03007
0.52235
10
0.05997
0.76955
0.06022
0.77378
0.05987
0.77082
0.06011
0.77376
0.05987
0.76958
0.05983
0.77113
0.05923
0.76368
0.05933
0.76596
0.06002
0.77123
0.05963
0.76772
0.06006
0.77242
0.05993
0.77091
0.05964
0.76791
0.05964
0.76985
0.05993
0.77059
0.06024
0.77191
0.05965
0.76800
0.05996
0.76987
11
0.10653
1.15957
0.10855
1.17750
0.10765
1.16876
0.10768
1.17240
0.10779
1.17017
0.10815
1.17218
0.10757
1.16927
0.10805
1.17287
0.10784
1.17065
0.10662
1.16054
0.10768
1.17083
0.10740
1.16550
0.10815
1.17394
0.10740
1.16698
0.10784
1.17059
0.10766
1.16822
0.10740
1.16777
0.10744
1.16654
12
0.16848
1.71229
0.16844
1.71358
0.16789
1.70522
0.16779
1.70860
0.16892
1.71933
0.16827
1.71096
0.16784
1.70647
0.16876
1.71902
0.16838
1.71144
0.16895
1.71813
0.16891
1.71758
0.16847
1.71424
0.16883
1.71469
0.16750
1.70385
0.16936
1.71937
0.16843
1.71269
0.16823
1.71044
0.16885
1.71524
13
0.22987
2.30159
0.23022
2.30766
0.22916
2.29518
0.23068
2.31021
0.22957
2.30084
0.22974
2.30121
0.22978
2.30153
0.23000
2.30589
0.22984
2.30174
0.23058
2.30966
0.23013
2.30731
0.22982
2.30404
0.22890
2.29219
0.22947
2.29814
0.23049
2.31194
0.22952
2.29669
0.22964
2.30360
0.22992
2.30061
14
0.28385
2.83590
0.28480
2.85043
0.28420
2.83757
0.28454
2.84455
0.28382
2.83925
0.28509
2.85236
0.28415
2.84006
0.28410
2.84192
0.28447
2.84224
0.28492
2.84829
0.28426
2.84271
0.28456
2.84487
0.28393
2.83834
0.28354
2.83382
0.28451
2.84626
0.28374
2.83577
0.28418
2.84200
0.28392
2.83875
15
0.33183
3.31808
0.33230
3.32506
0.33157
3.31068
0.33186
3.31891
0.33305
3.32577
0.33232
3.32036
0.33237
3.32127
0.33179
3.31829
0.33198
3.31983
0.33211
3.32223
0.33240
3.32380
0.33216
3.32017
0.33265
3.32335
0.33190
3.31376
0.33256
3.32570
0.33272
3.32194
0.33240
3.32192
0.33266
3.32432
16
0.37375
3.73397
0.37471
3.74497
0.37371
3.73450
0.37371
3.73822
0.37394
3.73588
0.37416
3.73683
0.37480
3.74242
0.37457
3.74361
0.37318
3.72958
0.37375
3.73490
0.37396
3.73848
0.37392
3.73761
0.37371
3.73327
0.37350
3.73086
0.37421
3.74139
0.37419
3.73888
0.37319
3.72626
0.37432
3.73735
17
0.41107
4.10518
0.41108
4.11028
0.41039
4.09878
0.41122
4.11124
0.41074
4.10582
0.41141
4.11321
0.41085
4.10554
0.41129
4.11355
0.41056
4.10508
0.41133
4.11174
0.41142
4.10885
0.41076
4.10622
0.41133
4.11258
0.41095
4.10467
0.41131
4.11087
0.41090
4.10526
0.41138
4.10963
0.41117
4.11064
18
0.44337
4.42777
0.44323
4.42969
0.44417
4.43667
0.44384
4.43935
0.44346
4.43039
0.44379
4.43304
0.44337
4.43026
0.44380
4.43754
0.44348
4.43577
0.44424
4.43706
0.44375
4.43760
0.44352
4.43187
0.44341
4.42718
0.44351
4.43028
0.44372
4.43735
0.44344
4.43078
0.44404
4.43962
0.44370
4.43573
19
0.47336
4.72515
0.47320
4.73382
0.47237
4.71736
0.47309
4.72939
0.47287
4.72501
0.47302
4.72493
0.47250
4.71909
0.47255
4.72256
0.47271
4.72472
0.47348
4.72929
0.47267
4.72607
0.47287
4.73003
0.47362
4.73330
0.47328
4.72699
0.47290
4.72852
0.47301
4.72576
0.47296
4.72786
0.47256
4.71848
20
0.49951
4.98843
0.49908
4.98946
0.49978
4.99069
0.49938
4.99115
0.49998
4.99461
0.49982
4.99176
0.49961
4.99499
0.49937
4.99231
0.49894
4.99070
0.49911
4.98779
0.49920
4.98909
0.49951
4.98957
0.49944
4.99128
0.49956
4.99394
0.49918
4.99026
0.49914
4.98589
0.49891
4.98733
0.49896
4.98739
