1
0.00009
0.24054
0.00009
0.23970
0.00009
0.24298
0.00009
0.24461
0.00009
0.24498
0.00009
0.24782
0.00009
0.24268
0.00009
0.24299
0.00009
0.24207
0.00009
0.24110
0.00010
0.24252
0.00009
0.23974
0.00009
0.24240
0.00010
0.24183
0.00010
0.24272
0.00010
0.24839
0.00011
0.24568
0.00009
0.24697
2
0.00190
0.31368
0.00185
0.31509
0.00187
0.31448
0.00189
0.31627
0.00188
0.31605
0.00190
0.31601
0.00186
0.31487
0.00189
0.31684
0.00190
0.31666
0.00190
0.31698
0.00187
0.31647
0.00191
0.31599
0.00188
0.31742
0.00190
0.31494
0.00189
0.31533
0.00195
0.31932
0.00186
0.31414
0.00191
0.31677
3
0.00974
0.43068
0.00976
0.43092
0.00970
0.43145
0.00967
0.42938
0.00969
0.43047
0.00970
0.43107
0.00973
0.42993
0.00975
0.43318
0.00976
0.42831
0.00980
0.43018
0.00970
0.42964
0.00978
0.43081
0.00967
0.43121
0.00978
0.43147
0.00971
0.42987
0.00972
0.43082
0.00967
0.42926
0.00978
0.43054
4
0.03225
0.64434
0.03209
0.64666
0.03235
0.64871
0.03220
0.64742
0.03201
0.64511
0.03211
0.64668
0.03204
0.64631
0.03229
0.64816
0.03223
0.64885
0.03216
0.64747
0.03198
0.64442
0.03239
0.64894
0.03207
0.64574
0.03208
0.64570
0.03212
0.64632
0.03208
0.64498
0.03195
0.64613
0.03180
0.64382
5
0.08509
1.08362
0.08538
1.08342
0.08456
1.08056
0.08544
1.08799
0.08509
1.08367
0.08532
1.08374
0.08493
1.08175
0.08558
1.08878
0.08507
1.08333
0.08476
1.07891
0.08553
1.08578
0.08497
1.08390
0.08525
1.08358
0.08492
1.08096
0.08552
1.08713
0.08551
1.08737
0.08486
1.08219
0.08504
1.07983
6
0.17951
1.87776
0.17881
1.87234
0.17906
1.87310
0.17901
1.87297
0.17980
1.87952
0.17888
1.87283
0.17985
1.88106
0.17956
1.87938
0.17870
1.86930
0.17938
1.87891
0.17925
1.87553
0.17895
1.87122
0.17973
1.87930
0.17951
1.87796
0.18005
1.88449
0.17950
1.88028
0.17932
1.87202
0.17914
1.87334
7
0.28589
2.86825
0.28533
2.86847
0.28632
2.87383
0.28635
2.87481
0.28654
2.87502
0.28570
2.86765
0.28632
2.87354
0.28692
2.88277
0.28607
2.87006
0.28596
2.86943
0.28616
2.87287
0.28648
2.87572
0.28541
2.86436
0.28594
2.87045
0.28624
2.87578
0.28618
2.87538
0.28563
2.86295
0.28587
2.86965
8
0.37496
3.74675
0.37497
3.74972
0.37438
3.74441
0.37486
3.75374
0.37451
3.74378
0.37438
3.74442
0.37483
3.74845
0.37487
3.75162
0.37463
3.74790
0.37505
3.75079
0.37417
3.74366
0.37452
3.74831
0.37455
3.74433
0.37429
3.74517
0.37456
3.74473
0.37472
3.74735
0.37462
3.74750
0.37456
3.74640
9
0.44367
4.43132
0.44396
4.44128
0.44377
4.43568
0.44384
4.43573
0.44387
4.43976
0.44420
4.43921
0.44347
4.43329
0.44383
4.43799
0.44408
4.44258
0.44401
4.43681
0.44374
4.43921
0.44433
4.44127
0.44440
4.44138
0.44398
4.43917
0.44409
4.44301
0.44426
4.44030
0.44390
4.43505
0.44395
4.43724
10
0.49952
4.98995
0.49963
4.99623
0.49951
4.99145
0.49899
4.98742
0.49951
4.99057
0.49948
4.99633
0.49966
4.99439
0.49986
4.99869
0.49971
4.99667
0.49991
4.99378
0.49982
4.99864
0.50003
4.99962
0.50005
5.00244
0.49966
4.99267
0.50013
5.00083
0.49940
4.98910
0.49974
4.99424
0.49977
4.99413
11
0.54516
5.44905
0.54483
5.44897
0.54487
5.44505
0.54519
5.45222
0.54494
5.44796
0.54527
5.45082
0.54514
5.45065
0.54569
5.45366
0.54502
5.44895
0.54514
5.45082
0.54533
5.45273
0.54495
5.44388
0.54532
5.45087
0.54540
5.45249
0.54539
5.45020
0.54499
5.44760
0.54490
5.44723
0.54560
5.45221
12
0.58318
5.83001
0.58333
5.83467
0.58334
5.83040
0.58300
5.82772
0.58294
5.82551
0.58318
5.82905
0.58302
5.82929
0.58346
5.83129
0.58285
5.82244
0.58336
5.83130
0.58291
5.82931
0.58293
5.82849
0.58265
5.82172
0.58339
5.83305
0.58324
5.82952
0.58321
5.82754
0.58273
5.82501
0.58301
5.82636
13
0.61550
6.15273
0.61549
6.15457
0.61525
6.15077
0.61512
6.15083
0.61517
6.15121
0.61512
6.15253
0.61487
6.15007
0.61549
6.15150
0.61500
6.15000
0.61531
6.14896
0.61500
6.15102
0.61518
6.15155
0.61537
6.14933
0.61498
6.14737
0.61516
6.14924
0.61501
6.14911
0.61541
6.15077
0.61523
6.14750
14
0.64259
6.42218
0.64269
6.42966
0.64285
6.42526
0.64260
6.42598
0.64279
6.42634
0.64255
6.42607
0.64250
6.41725
0.64267
6.42593
0.64258
6.42493
0.64268
6.42299
0.64281
6.42664
0.64274
6.42416
0.64297
6.42911
0.64270
6.42109
0.64289
6.42533
0.64252
6.42154
0.64274
6.42657
0.64259
6.42186
15
0.66669
6.66278
0.66660
6.66889
0.66673
6.66701
0.66650
6.66445
0.66664
6.66617
0.66649
6.66349
0.66630
6.65990
0.66643
6.66533
0.66637
6.66490
0.66662
6.66257
0.66655
6.66450
0.66678
6.66264
0.66661
6.66349
0.66660
6.66341
0.66668
6.66066
0.66638
6.66232
0.66638
6.66273
0.66655
6.66532
16
0.68730
6.87415
0.68704
6.87077
0.68749
6.87312
0.68759
6.87534
0.68758
6.87291
0.68747
6.87710
0.68729
6.87567
0.68730
6.87303
0.68718
6.87417
0.68741
6.87208
0.68754
6.87880
0.68748
6.87505
0.68722
6.87097
0.68736
6.87132
0.68726
6.87072
0.68727
6.87135
0.68748
6.87187
0.68724
6.87402
17
0.70607
7.05794
0.70587
7.05761
0.70594
7.05722
0.70588
7.05912
0.70570
7.05738
0.70586
7.05691
0.70567
7.05539
0.70585
7.05692
0.70579
7.05755
0.70590
7.05972
0.70592
7.05705
0.70581
7.05926
0.70593
7.06063
0.70591
7.05792
0.70576
7.05325
0.70588
7.05692
0.70577
7.05589
0.70604
7.05815
18
0.72223
7.21927
0.72204
7.22018
0.72187
7.21860
0.72251
7.22715
0.72194
7.21897
0.72227
7.22582
0.72216
7.22119
0.72220
7.22234
0.72213
7.22204
0.72223
7.21606
0.72213
7.22075
0.72217
7.22019
0.72225
7.22258
0.72200
7.21977
0.72219
7.22194
0.72195
7.21773
0.72201
7.22423
0.72225
7.22132
19
0.73682
7.36660
0.73689
7.36940
0.73691
7.36675
0.73674
7.36627
0.73675
7.36605
0.73684
7.36925
0.73665
7.36541
0.73671
7.36594
0.73669
7.36658
0.73672
7.36397
0.73675
7.37000
0.73675
7.36754
0.73678
7.36733
0.73656
7.36344
0.73666
7.36636
0.73685
7.36589
0.73678
7.36823
0.73666
7.36469
20
0.75000
7.50047
0.74988
7.50014
0.74988
7.49814
0.74984
7.49611
0.74990
7.49768
0.74998
7.50059
0.75001
7.49834
0.74983
7.50045
0.74992
7.50194
0.75015
7.49838
0.74975
7.49843
0.74996
7.49829
0.75010
7.50152
0.74966
7.49758
0.74973
7.49743
0.75000
7.49891
0.74997
7.49767
0.74997
7.49576
