1
0.00000000000000000000
-nan
0.00000000000000000000
-nan
0.00000000000000000000
0.39474025927484035492
0.00000000000000000000
-nan
0.00000000000000000000
-nan
0.00000000000000000000
-nan
0.00000000000000000000
-nan
0.00000000000000000000
-nan
0.00000000000000000000
-nan
0.00000000000000000000
-nan
0.00000000000000000000
-nan
0.00000000000000000000
3.48555723857134580612
0.00000000000000000000
1.04802093934267759323
0.00000000000000000000
0.86452935030683875084
0.00000000000000000000
1.04787619813578203321
0.00000019999980005458
0.44122287537902593613
0.00000000000000000000
-nan
0.00000000000000000000
-nan
2
0.00000459985280476527
0.56460942224057475425
0.00000459981508738050
0.59446632618580752538
0.00000319989120367570
0.62360836889918658255
0.00000339988168407412
0.61222917685130562315
0.00000419985216515428
0.60535755405587587941
0.00000579977612868987
0.59626618453169066836
0.00000339989800302032
0.52906326013623572457
0.00000439981872746298
0.60771923002934402636
0.00000439983984579229
0.58200193916328202270
0.00000499979500845349
0.65502348950488764601
0.00000259990224371620
0.52055996635441881271
0.00000519976913027076
0.67606316906986907433
0.00000399985280541415
0.60526270071082199919
0.00000439985480482630
0.60638205733031524947
0.00000279991376261890
0.55898286170857269806
0.00000459984912493105
0.59142305626452862377
0.00000359988336373629
0.57972717462686207401
0.00000379988752330362
0.57906924174540730377
3
0.00006655092534768592
0.48145853821554790430
0.00006574966205874500
0.48976934990134379788
0.00006614919741643188
0.49039813407280591351
0.00006015441498430363
0.47807399091442381867
0.00007414228764335284
0.46631552223301603322
0.00006954839509087929
0.48236308996525922854
0.00006894852303274135
0.46506908116334871872
0.00007514029352273521
0.47583684724227587326
0.00006055324078746427
0.47478822720173646799
0.00007434335036704542
0.49286719630653141877
0.00008053637626270760
0.47715156837854094674
0.00006674777653958852
0.47803876724971322565
0.00006314985901190173
0.47831492842890133144
0.00006774964846123499
0.47616117408702818281
0.00006974732681874762
0.48074423162462082137
0.00007054459427568993
0.47828350561654636719
0.00006914707482896798
0.47315239063248959450
0.00007354406238613276
0.48981270270630045127
4
0.00038464278365957227
0.41818479866561580893
0.00042142024591995675
0.41894906858819219719
0.00040511197187453885
0.41857375337339886023
0.00041029347125987048
0.42010084071959302721
0.00040907575143789288
0.41373074358540073980
0.00042359619841814133
0.41700862321239484665
0.00041704321928714982
0.41585990753573176537
0.00042238484491929906
0.41671631790099356030
0.00039454230406732460
0.41575023162749974448
0.00041424806415635285
0.42022603749200448942
0.00041465234962034803
0.42112923624057879701
0.00040450023925797662
0.41809178810556490991
0.00041643072904629097
0.42554494877950821419
0.00042658338740242385
0.41442962511407899218
0.00042321452021765182
0.41504296270250007339
0.00042237929859967327
0.41713893519858025183
0.00041882845820984116
0.41215793256721838800
0.00040988686923437712
0.41562375292675990401
5
0.00134551702832219622
0.38767895698709575747
0.00139950193675986156
0.38587325354768142738
0.00140421338624530101
0.38832374828922805454
0.00136526197731645649
0.38627530409445121062
0.00139809367639931459
0.38614510497212795048
0.00137504398255772209
0.38485892454293346709
0.00136522122494830978
0.38543056553899290861
0.00136697039860256275
0.38789525923562462317
0.00137277900182164458
0.38618299837513381245
0.00139203455403247300
0.38817278757195977645
0.00139101038918243436
0.38577022844907266075
0.00134906019400549138
0.38648792717637786565
0.00139095958736179526
0.38972561979882397454
0.00139080310583239442
0.38559310631774107447
0.00137068536035378497
0.38662245674397194284
0.00138018827103048025
0.38733384905057482994
0.00138818803173790251
0.38543476880411031704
0.00136290242443448673
0.38609765094154685494
6
0.00310702185407341069
0.36973775373635858754
0.00316145672023937507
0.37139266677701471275
0.00318317105908938469
0.37146918253548355526
0.00314568585637775566
0.37008236447905429323
0.00311895531360173450
0.37017580231646640687
0.00315340236575989419
0.36972829173686810877
0.00316456483596949667
0.36871357224652284712
0.00319085796329243720
0.37169448425762302568
0.00318006610036902782
0.37039106868807231132
0.00318960097452591906
0.37026332079434426392
0.00315456749063258712
0.36967061915987003973
0.00315746198011546131
0.36895830270453389144
0.00313791716250833019
0.37219393172211179266
0.00320655969842231769
0.36984704089721154308
0.00317597695167837202
0.36953696714732886530
0.00322681945866665210
0.37130403156142571808
0.00313393720835219991
0.37180959575808836259
0.00317144744202890738
0.37002818808072984735
7
0.00570526180384534065
0.36279928129777500034
0.00574529852223215620
0.36349225062817919207
0.00573461488932847097
0.36569956820189136737
0.00570329522905321795
0.36322040732726879053
0.00571549093668810571
0.36263031401633472051
0.00575201546200698743
0.36338203651750000667
0.00572692183893097617
0.36295900540765352327
0.00577489405511533160
0.36480754441700974366
0.00575247559396763197
0.36404501931601274123
0.00571551133538950040
0.36345617844641220362
0.00572127473634620465
0.36263436413613781006
0.00577306018250345332
0.36299095348195736799
0.00571022185537528593
0.36462576860926870781
0.00574985867570898534
0.36430641426852811149
0.00578003481100808347
0.36316846179612416456
0.00584313267508673739
0.36476226590810784112
0.00574416005175504285
0.36462862074355240072
0.00570403289366783195
0.36346958164588311080
8
0.00886158871775055701
0.36414607913317798005
0.00895180933857953054
0.36357577077231645335
0.00890099580582082162
0.36546758682609420399
0.00886974093160475263
0.36441728720466215474
0.00890261851223494993
0.36457706832322539503
0.00889710278200650517
0.36367488069719239308
0.00891882807508770359
0.36500924399695244826
0.00898984831913540727
0.36588476458644625389
0.00891994089661207745
0.36445542555884263836
0.00886152717761568010
0.36441212465335942605
0.00890829132976889149
0.36517464297934776329
0.00889661372321848276
0.36511221920357905812
0.00886540706569605153
0.36455418019219254511
0.00888313710370225440
0.36479153292480887005
0.00885684665630370738
0.36429480769695821163
0.00898157806440713635
0.36600000793337950089
0.00889070460427221487
0.36481509839780673632
0.00886787093632768197
0.36357729571544417091
9
0.01243512008201363983
0.37031368917662815798
0.01252337683144510994
0.37124761757776902904
0.01245601148142749803
0.37220063617406751177
0.01248352537711727717
0.37211893023338910025
0.01251624395239236964
0.37181752106229198906
0.01249705379777732439
0.37071548900782624880
0.01256978059604996201
0.37202631018803733465
0.01258034973821364755
0.37277456732887020996
0.01256868550952516816
0.37197163245490055816
0.01249386470914148894
0.37105048619947972321
0.01248342722010364891
0.37132069350613916559
0.01248628787794336947
0.37183279838448390908
0.01246377018981514873
0.37131967523558395694
0.01252341184163840992
0.37233087334282272129
0.01248657980914502641
0.37137758857710356786
0.01263902688375673211
0.37245147154132351996
0.01238595429191047259
0.37197637610875816661
0.01244961156732737884
0.37070331178426907393
10
0.01644402655916377132
0.38356689047572856133
0.01648853288133822481
0.38321181703005091634
0.01642701831560722248
0.38479984933179822715
0.01650218830600558295
0.38437319014069121215
0.01638054631870389244
0.38336501236089237654
0.01645676627548930959
0.38421040405543332996
0.01649552012301447323
0.38404087790664703794
0.01648073934002614038
0.38468914064839421219
0.01652101349683277043
0.38342744785295013177
0.01641563591402472877
0.38327956495366816148
0.01648123594586314855
0.38408414197435553072
0.01642116641358581930
0.38410501165372540333
0.01645596662310244707
0.38362802396331624477
0.01653435446482054427
0.38584159449469640490
0.01649098153127515065
0.38369812095183564171
0.01658414535476837592
0.38503319231721477856
0.01642157697554369467
0.38420774330310297762
0.01645100330936355437
0.38385988829629569263
11
0.02073542010235929212
0.40100445416553587297
0.02088826075215322042
0.40165319917655284421
0.02086033794126440633
0.40332805883684746950
0.02079880402545652984
0.40276676159521562770
0.02081166685048474463
0.40176423563502139391
0.02080711665244106001
0.40197950320616065989
0.02083249157090549808
0.40214859455410079114
0.02087488613920529534
0.40314284447829407121
0.02085276464596796941
0.40252628351248687100
0.02073115496986377426
0.40192529235792839870
0.02088505093261217027
0.40244801346316688706
0.02079483014948169117
0.40239565707131363936
0.02074484385638830641
0.40116064958039504562
0.02078577708185713746
0.40317850020472428829
0.02076662178181698515
0.40196390108330304347
0.02100970202344820681
0.40331337787756377233
0.02072981302115339819
0.40208187359926422788
0.02067762678826656764
0.40195875173813971903
12
0.02560414116627252046
0.42492354631252005071
0.02558508857928931679
0.42607437887240273700
0.02574627037498100623
0.42737300866127347909
0.02557277240056698986
0.42667394303213967977
0.02564247848077738645
0.42655084858732406072
0.02568661999839794152
0.42741225178059921719
0.02565747703709408967
0.42686040246625395200
0.02567493206777782255
0.42757225593374043049
0.02562864755182570065
0.42621101955022627772
0.02558307524461000959
0.42750643460855486389
0.02567404828766395308
0.42753194901818430962
0.02551407433080199461
0.42667469250667533487
0.02566226367672930220
0.42651045140272070277
0.02569457493206350751
0.42807253377185677801
0.02554906742217422089
0.42576720334378548305
0.02574437590868206005
0.42744243676367182916
0.02555781986215133195
0.42693316925505669923
0.02557287956461307132
0.42637852381348489983
13
0.03107565060250649935
0.45747842556371881573
0.03096850825524555262
0.45793663061645945023
0.03120484902759346202
0.45924156139120281273
0.03104616325121667408
0.45817760925088135693
0.03107564755972613835
0.45857941951940595082
0.03114438131308139290
0.45899214675846433664
0.03109329583006736897
0.45935495747474741624
0.03116497457982869701
0.45930856110317391794
0.03115215234225909846
0.45913359192047742408
0.03105557896700938958
0.45901263150648502487
0.03109203778848224076
0.45837756972258769661
0.03083165863192627310
0.45718604231993087428
0.03108528147418032628
0.45810329929193921439
0.03106093111369512272
0.45891628916678356420
0.03106618948237560573
0.45858649476816615298
0.03129193083421610844
0.45935302324844418109
0.03092958095448961053
0.45828446415470119879
0.03097969042981940646
0.45799112010085557545
14
0.03741183693623739703
0.49740923375207607426
0.03750101996007360050
0.49976868750310027290
0.03749075755775888030
0.49993822195461534719
0.03746927867314497895
0.49960823351021033112
0.03753618936227021141
0.49950690821853421797
0.03751140736324520830
0.50089572371501811521
0.03753544419173548974
0.50049396256314560016
0.03746243652262581936
0.50020353939119344133
0.03740312287861458085
0.50001369172564458232
0.03742802255438637538
0.50005185835884724543
0.03736150354671796681
0.49940715177792899260
0.03731823303351422538
0.49891347095528520983
0.03734546294637153263
0.49801426956605804319
0.03748110679373162224
0.49989683530819356561
0.03740912077062641394
0.49927886460579440353
0.03761122862483035068
0.50067614421606965180
0.03720132603225845269
0.49877516118206488560
0.03745957614259642909
0.49921254088747690769
15
0.04482246353130547867
0.54984853197613769993
0.04476505117843132542
0.55023153350437448150
0.04491240194159185073
0.55140978289461273221
0.04484912400100149465
0.54945920928323099819
0.04508721604370113933
0.55146923030548788969
0.04501753446054412855
0.55234177365528647208
0.04480944855661861403
0.55092254656798511636
0.04483263097845091583
0.55087198220369115731
0.04491958028270126579
0.55182624322603401890
0.04497043597776428925
0.55191693040743172727
0.04495103487328533376
0.55064864081794850925
0.04466788325520931746
0.54973628247142469760
0.04481854764713744110
0.55001826403997822190
0.04485223134097604536
0.55120511899836199809
0.04493099258912180982
0.55147613480476964654
0.04502852831812431678
0.55133486067784776008
0.04483834158550670246
0.55114381136602608180
0.04487978500526623726
0.55143978213817279599
16
0.05374592651526466369
0.61413126950909247004
0.05379769260780320472
0.61420314058697833559
0.05396401563369923604
0.61628953963044830200
0.05393080247728743171
0.61655211464410597522
0.05407218836916560800
0.61688710979352789909
0.05414963594740895836
0.61893501818555729521
0.05399574412490582009
0.61694476474588622050
0.05373026335451869251
0.61555593184518198058
0.05397140436203617941
0.61655864486023559401
0.05402891398092357633
0.61709110516354748199
0.05399412571629624846
0.61644692316939575516
0.05382307286942866753
0.61592678975595016588
0.05386539150443547808
0.61612535137578372524
0.05384826661180941443
0.61706669000920322254
0.05400123468230655366
0.61720580367079413975
0.05402062035680721408
0.61677082482804057584
0.05393747639174573116
0.61662052929845334592
0.05385688707647173779
0.61580325477283825997
17
0.06484766209974057727
0.69643001649515812179
0.06482904789885801655
0.69692737112160563218
0.06487944304187442945
0.69834306614075802866
0.06502547890285148569
0.69793979588356658272
0.06507365219148508739
0.69879768412713061387
0.06517690241713181010
0.70043552808843811963
0.06512840397570873741
0.70012658937185134889
0.06494015033927558189
0.69887979843428205129
0.06494231435445974032
0.69849498211078486776
0.06507752248058318312
0.69920140565037736113
0.06506841266558160974
0.69796043737934354567
0.06465661805671751861
0.69526516709307251141
0.06488518542524290833
0.69682222271957905413
0.06497869353990171071
0.69838105269313999202
0.06482043439415297037
0.69781175053198407632
0.06499561470141035358
0.69907403036913706718
0.06483857159755357369
0.69806829599823361221
0.06499323645389110116
0.69797288889235842291
18
0.07827422600783129347
0.79752436676785876113
0.07820580253442166452
0.79652730307445174240
0.07851443488990161867
0.79865513665562060108
0.07817533048551827957
0.79719629266347302732
0.07848606675804237209
0.79924422866753042083
0.07869834792759822228
0.80181415608769734948
0.07855692928909741024
0.80110667077487240917
0.07850291989133484361
0.80085065036604718980
0.07856511959919887378
0.79977730277263270331
0.07841303508373353992
0.79876160782578409236
0.07856063713595984321
0.79989693130025318890
0.07829669730741151135
0.79567132880952096130
0.07836176133453942594
0.79800301259326267278
0.07853046776919170302
0.79916102794111332219
0.07837313516671384761
0.80029293554878333516
0.07865301846418204512
0.79981755514058505696
0.07850144226484201404
0.80077776036995740316
0.07872490725639502696
0.80128706960381312907
19
0.09481983353780976120
0.92166041112696650561
0.09447698207294252803
0.91972960704496875550
0.09471486760332037402
0.92224760416002760088
0.09505386954669503563
0.92358972062791178104
0.09512860705813186435
0.92336563937003213187
0.09531169226458213739
0.92530375537045772560
0.09498456608843763860
0.92399565854820397970
0.09491465795198039679
0.92374811273454249250
0.09498658804765469643
0.92346257367333706156
0.09477339291236397401
0.92276981042059680327
0.09468132737147760825
0.92134187166678416236
0.09444597895333417537
0.91840864053294679614
0.09467761641897987079
0.92022332856975919135
0.09473412381199708410
0.92175569686482405896
0.09477988571441831045
0.92318822833623281898
0.09472550880339425383
0.92088341607719792492
0.09488535759695493343
0.92205134416599798808
0.09484690139439377887
0.92267782527402630866
20
0.11456383238632272814
1.06786089178675336342
0.11438854979339208029
1.06735966370027735017
0.11460577651905456964
1.06872210677202050810
0.11465613141803410180
1.06897503437064456122
0.11447598865643371369
1.06848103543562400475
0.11489163375947553103
1.07184564570835916264
0.11477802232408607086
1.06970382398924046541
0.11462340538864146389
1.06964456776296534812
0.11446328730184174294
1.06796337986386213892
0.11459940537063295629
1.06849366040147586432
0.11469014107806052571
1.06915744200610651760
0.11444372967288118925
1.06694073257762611640
0.11436516316922440417
1.06797048181087683716
0.11452765378185314482
1.06789877420264622820
0.11460447569350173946
1.06985989269462100637
0.11503183039607400850
1.07093091438880017030
0.11427211447946594713
1.06618441403170938209
0.11478205075711245264
1.07183543025425453976
