1
0.00065541318048467634
1.08965913776620304532
0.00067713460403073800
1.09989733274862255819
0.00065320771646482090
1.09613473900615909784
0.00067871647616146724
1.08527468036403140772
0.00065259756961744131
1.11453796555274653457
0.00068210212669916892
1.10015783866032013094
0.00066955784856193024
1.10157129669337217059
0.00067091212147796231
1.11290699552056771005
0.00067091426174303859
1.10668839197173141109
0.00067472064591345138
1.10777871870765642903
0.00068088842880453804
1.09859338525819238974
0.00066953448611040134
1.09870898627966995242
0.00067314019101549771
1.10381258150347361102
0.00067054718684222969
1.12516316493927304165
0.00070660669282551769
1.09537507157695279680
0.00066295703161134423
1.08315981520198079124
0.00070302988734372018
1.11551079102588190928
0.00067095225372160172
1.09967228202233635592
2
0.00574830926979186252
0.78617790138576870707
0.00576941194422020409
0.78641390100331964863
0.00576865430687911740
0.78706632762963402161
0.00576097826987587158
0.78586746227136405896
0.00574460436782575634
0.78749698327577621892
0.00582998154025404780
0.78818466366316530802
0.00574587402468407227
0.78575661309417177414
0.00579941528116834082
0.79150761999394503299
0.00578877278594847056
0.78604956914128965018
0.00579026791067893676
0.78941488881061128158
0.00573202756675417202
0.78809524348522408399
0.00576387085538776489
0.78828540187371987091
0.00574292505545426213
0.78676522612706523141
0.00578626514760105515
0.79078283998781473407
0.00576848603251856051
0.78620823235796222228
0.00578279424155436761
0.78928127127090474957
0.00577507235699015187
0.78352021794213910777
0.00584817176726593058
0.78608588560466996498
3
0.01526338750233391384
0.69427187666210632422
0.01527846299844015654
0.69652064534723123757
0.01534812945117192129
0.69786541370278687424
0.01521940796795018258
0.69611197301773086732
0.01528191157281477697
0.69660279225359311717
0.01530919534174446373
0.69463535437585288701
0.01529459947389999463
0.69611522932215919024
0.01530096071454312145
0.69719059559871054965
0.01535605744867818423
0.69681097111687162471
0.01529973446094579081
0.69680049994532389235
0.01521516536594302860
0.69762976255989472829
0.01529558580755296937
0.69746779530507740930
0.01524721705048293074
0.69605637416585874888
0.01531568003402417055
0.69668204736201089222
0.01534266264704930993
0.69506766871993042045
0.01533696047872912249
0.69805855030515784332
0.01523089149589129665
0.69506122192722963327
0.01523245094306335812
0.69635313417509681067
4
0.02698083011827900890
0.67879847005927618220
0.02695799172317625558
0.68159192293181891653
0.02698938026941832824
0.68096455952142642687
0.02698173474355958223
0.67974362777204566655
0.02696403450104933874
0.68040107765911905791
0.02700733047877501569
0.67948206243505326896
0.02701173566183590058
0.67983078978915667534
0.02687302716902684185
0.68040362166560208745
0.02703102573020088606
0.68034468079018417530
0.02696596028414188773
0.68013129300087349360
0.02691542493356391397
0.68181549117197659537
0.02703312787350842239
0.68139573434378508665
0.02699365965894939823
0.68118442164706805020
0.02705755297627632228
0.68138651042138487224
0.02701897232492656009
0.68055902890220754120
0.02719849177837319054
0.68188890789549005955
0.02697403693713440465
0.68075802741201074664
0.02695189691011956601
0.67842542451608478515
5
0.04030374875540632118
0.70785410113310254232
0.04021628073068339582
0.70863984714733430081
0.04020827472318855289
0.71021650941467151519
0.04026884211709236272
0.70737160900364959293
0.04032316033360383578
0.70996889036689969643
0.04025358352667529616
0.70939464622859516041
0.04026564198361071156
0.70885377819569395097
0.04001997530829948246
0.70890310167339587455
0.04025615761575185303
0.70903181360884670603
0.04031656422311757915
0.70821829115260770404
0.04015579469836505488
0.70887059890825165898
0.04014814202374838992
0.70908443942648080593
0.04021771103680438220
0.70899153038962725581
0.04033755040210174059
0.71007928829160882334
0.04020402945446099885
0.70767050228513683763
0.04043692784288399622
0.71065634716708880880
0.04014940643644893115
0.70864324889523511164
0.04012530613657427914
0.70732400776407933218
6
0.05569901777765562390
0.77392785561590837773
0.05552853756461506585
0.77391271575145104133
0.05575946500521933302
0.77622607898160278506
0.05562092136727259106
0.77473588705527240972
0.05568704464208917848
0.77551138488426252238
0.05567317728509613151
0.77650608720526692608
0.05570804014685726280
0.77598340832565315672
0.05551696082753010408
0.77583326224515425373
0.05569347364933574518
0.77610462048176376282
0.05577552637772675848
0.77585392784185180926
0.05561214849202411603
0.77458283089645896258
0.05566594065758312393
0.77461781351995939726
0.05553756926126818261
0.77492922214909398804
0.05572158068079535731
0.77617264105236372096
0.05561003219236748674
0.77559810162688147539
0.05580596181403285616
0.77702404207720221496
0.05564685684912851205
0.77551594946307078615
0.05558974424544249615
0.77407809903679791752
7
0.07437174047749062211
0.87896515340250380710
0.07445828535538578929
0.88009839613914664369
0.07451289610906630667
0.88188884504668818565
0.07461309780514868706
0.87966458582013451473
0.07447548181992635907
0.88077851410648344554
0.07448844689802425201
0.88241147188872681717
0.07462300578858882538
0.88119611985328583081
0.07465414627299449268
0.88329487985926735671
0.07455665265062150215
0.88265416890172665454
0.07464428384442955977
0.88096495178865408260
0.07450993562420327176
0.88076579027959933654
0.07440370549817565404
0.87851039658891527662
0.07430584523221150928
0.88004723259399697533
0.07458143634650715725
0.88113168940936825724
0.07452141390924549302
0.88149956681694041638
0.07462322433219181761
0.88170306348980687083
0.07446000897101612281
0.88091606650901421727
0.07443769492956864298
0.88014092611729832782
8
0.09846452149004358834
1.03018477744256609085
0.09845653477848992363
1.03114537053451682524
0.09835369785502545703
1.03077561792796390527
0.09846799778352077759
1.03032835375922560139
0.09840718551400640113
1.03145761565468818688
0.09851578039643826834
1.03353175728417601142
0.09853806796220032638
1.03337563404657228894
0.09843472794274332749
1.03282448662556536334
0.09845550217134324544
1.03215877391577315336
0.09837064466875700131
1.03043848068101429050
0.09821688093033387190
1.02984790185733032786
0.09848437247147501239
1.03028458412952961254
0.09818267041817474450
1.03077838452212855458
0.09864282991428152680
1.03318209845121189439
0.09813500301380906343
1.03092318080180800344
0.09838258449358849855
1.03144187005131016122
0.09864811704246723156
1.03221303613256343290
0.09820199329816059475
1.03042785716644869076
9
0.12891845829977854887
1.23191809505848848261
0.12902627261372190404
1.23172826715141403575
0.12886569979585582590
1.23207492949853270048
0.12906156172057892118
1.23184738936673543463
0.12880678995756134064
1.23184808955961733190
0.12933717763116914234
1.23539377530704030939
0.12936268818222151911
1.23553714919019896890
0.12912659838980689031
1.23655218993617155299
0.12923603489612911499
1.23464839596150199874
0.12885690502117541634
1.23279352650119577994
0.12886300479371082250
1.23243812784852413422
0.12925402850976797087
1.23173358674115762668
0.12893552852998657610
1.23204632128177671291
0.12899363696379162469
1.23336267128871157617
0.12885148737660945262
1.23430989601409635270
0.12923079641001344875
1.23467076474460979441
0.12901574633439749640
1.23294705080011435250
0.12903285236648542877
1.23363107668810867423
10
0.16687800368348082447
1.48253725621832477266
0.16653173636582319084
1.48158846305544189548
0.16711579912880014653
1.48517188510959252667
0.16706285562869571670
1.48320875474015712037
0.16711503605622046731
1.48561216754248537342
0.16695425749379089186
1.48381622787746114689
0.16723855648132301965
1.48648696936064594887
0.16713900107896573211
1.48588294939933285299
0.16702190128191318763
1.48489877039405993031
0.16686438461270181044
1.48431837885893025408
0.16699102459551029565
1.48251595844971073568
0.16690795754013265650
1.48108011716321263940
0.16707901889113696559
1.48419320627894557596
0.16705653833708067335
1.48406556098984943048
0.16715519898575426083
1.48493357217762600442
0.16715669029123880751
1.48522454575781481800
0.16671128798400536297
1.48262998158238334945
0.16674430935498596451
1.48313243766449254224
11
0.21110521693562089851
1.76787652590563482136
0.21091637003726415589
1.76713131985738702845
0.21096622882660320819
1.76818288287626201871
0.21125379903375018920
1.76964584176525030479
0.21148096685298700681
1.77131370356069184346
0.21117045131500877808
1.76954388793400574365
0.21144267698299901159
1.77216064579962884196
0.21091770575935442356
1.76914560267734621846
0.21107690524420341660
1.76911537131048701710
0.21080032066238008071
1.76830755191242916524
0.21050575179802610837
1.76482679199716940843
0.21103574231828259311
1.76729737014666876682
0.21088604544936218055
1.76748096552287137229
0.21095643885947157337
1.76907826949449664689
0.21113101880072970840
1.77070813255282843990
0.21145642469163539179
1.77138459189578600927
0.21076267201559195641
1.76712742811082468286
0.21092947940813788765
1.76969707157983191514
12
0.25814961573129124872
2.06083340319530794460
0.25807158728779044932
2.06215678013129455337
0.25830343021123070013
2.06383857283461535914
0.25805164674166214400
2.06296034188075649851
0.25824557701742145710
2.06376181033642192020
0.25797515535007320420
2.06235767281931092754
0.25818236113206671778
2.06387439838810049508
0.25852959215159432294
2.06426965283524355144
0.25855847371442619576
2.06508590073040165791
0.25820797312869814277
2.06394595934626545741
0.25766305367669595228
2.05920000902406652443
0.25817312790708357717
2.06284007088510756844
0.25804986014930964000
2.06154871776269343897
0.25792813957033011718
2.06151297015908818722
0.25848455580645068874
2.06461015394071711881
0.25867011555076024898
2.06548931117930667511
0.25834609172023892398
2.06357490144216493277
0.25850802768715619440
2.06546669300344021281
13
0.30463395163210027494
2.33773523355913903643
0.30429514628411924448
2.33796833786242386211
0.30434914152150138733
2.33751041503689060974
0.30482655938966585207
2.33976928811296946975
0.30471280339600337328
2.33942620365068565391
0.30483932844929695349
2.33952576619901853050
0.30473941452164088339
2.34000828559384910221
0.30430174364525919284
2.33737685322588362169
0.30516298881727599301
2.34280712581521965987
0.30479229834722343373
2.33963479457931722294
0.30452708053916510700
2.33700294497684035733
0.30427884798401660937
2.33666758676138552886
0.30438665056033942236
2.33670853698156610889
0.30480097564068220350
2.33996255677794628980
0.30441328303395664978
2.33803417913474387291
0.30457385600982156415
2.33836045315026375135
0.30462082057406580926
2.33849970674156804051
0.30431477492620295777
2.33798917220061497346
14
0.34752217889779635218
2.57925646952016585089
0.34753869650124979973
2.58110546803215967770
0.34797546178757066127
2.58220257334356118051
0.34813364794640622168
2.58382378745130392161
0.34735394463794122544
2.58005965974515039107
0.34785339682851623699
2.58210050600065965654
0.34736632957153001922
2.58157125191611136472
0.34784724390768739788
2.58190206937988486757
0.34805716226414995518
2.58376901911599166084
0.34751501508999982359
2.58014331927327056349
0.34758134517566030564
2.57983460116677720819
0.34733719974737009561
2.57813331567713754922
0.34725848870881192987
2.57956983785657723018
0.34755943484294415935
2.57962611270951880371
0.34784901984388361118
2.58127041403035439870
0.34803631431442583199
2.58190264586266549074
0.34753084759605989973
2.57992573947662418021
0.34758687649968966760
2.58070356629780572888
15
0.38615204439119299451
2.78483166888841404685
0.38629926780704104683
2.78728460064933658558
0.38659095540743260155
2.78882189996970764057
0.38695715722277457260
2.79006105338464394094
0.38643901516501943938
2.78792829105643535925
0.38655029119023021078
2.78814470555374382954
0.38631280205155704710
2.78934275802248388132
0.38647703637092889473
2.78772175034013791617
0.38673791008577751427
2.79007433456197784238
0.38646939509686117908
2.78819912248946888411
0.38650246711025837421
2.78745621204247218117
0.38582831206248080491
2.78453529052678305789
0.38627875336184869237
2.78655590639289441057
0.38634379671884855334
2.78657885846818098585
0.38661992398230593526
2.78700761429537724467
0.38672056027832368841
2.78815930328389072201
0.38618962741716234000
2.78642938934873241053
0.38631292032526132196
2.78823880874497476157
16
0.42103511934309911791
2.96169511010126385031
0.42087439306250928883
2.96295899075701152370
0.42164393312926529145
2.96555478528714422382
0.42163280948072923149
2.96619200839594876484
0.42115242841589972667
2.96375089704486294195
0.42123734669900048111
2.96458401300654150745
0.42118743172865480417
2.96452134257115762495
0.42108191585425680525
2.96369767636457792648
0.42139150129788849330
2.96584927240948514893
0.42137395807915722923
2.96419367180469928158
0.42105333545923462335
2.96343370047332443917
0.42096668108277002229
2.96193214803123838763
0.42112348019824963341
2.96230294589312581621
0.42104695169655237397
2.96315947052006922746
0.42171691762072693876
2.96411472677545262400
0.42108272017522285768
2.96373832228008904366
0.42128142424557390999
2.96302025792235035340
0.42105464571608142155
2.96367653926576668511
17
0.45244248200457970466
3.11293596881937251197
0.45219063640054857345
3.11485949486799462704
0.45234609566027728089
3.11492198722841884262
0.45261721911768804105
3.11653151908284709037
0.45238064858302318161
3.11468295403783779207
0.45243326307346598547
3.11631640331516202025
0.45234288247897935786
3.11479498617527772453
0.45245494214816306400
3.11490321347071841274
0.45230286669153207946
3.11539526929337773353
0.45235353102216269150
3.11433009919687409095
0.45257481740806404513
3.11561462026577284945
0.45188911425868782956
3.11219274660026945512
0.45215877557880679305
3.11244556519501802683
0.45227141745883481239
3.11376656556302267020
0.45247333677142442809
3.11465723815063499913
0.45249358311422671619
3.11561223807515519368
0.45204385797113566525
3.11306443195592308371
0.45228634301178216592
3.11497827905536217585
18
0.48048074897467185629
3.24365262773044005229
0.48012176517392290975
3.24442881678957339986
0.48010005083541540394
3.24411529682296118082
0.48065650949201543796
3.24677369154086337133
0.48052836884148375507
3.24527561157704580452
0.48036667973015423350
3.24640952085502121349
0.48004166501797662647
3.24404590247199475783
0.48027607702490993091
3.24490874701676368375
0.48037911905218055875
3.24618112738433861608
0.48014902178590546100
3.24381373339682266277
0.48046197879538854458
3.24530230080756787459
0.47996167967299796508
3.24238934298701053649
0.48039767377768582968
3.24427782186800639508
0.48030255139697430877
3.24371627107602744644
0.48025173546819710513
3.24445620715685523194
0.48052974709343443394
3.24546408549676801414
0.48025433664689465285
3.24334623085198447967
0.48038866682861114388
3.24528368315744186745
19
0.50568301323353137544
3.35759066491272228916
0.50576054631458478017
3.35940487416102140372
0.50573516020192743614
3.35873831215262663719
0.50564304168056417588
3.35987806819124301683
0.50557442183045964157
3.35762688219357530173
0.50576235846286099473
3.35900155758223295521
0.50552402332426393805
3.35771837440067866254
0.50559813995698443811
3.35859498513108167828
0.50579631975430761059
3.36067294083517031922
0.50574850749256272664
3.35856071577980452858
0.50570819466474614678
3.35904663582671858535
0.50537518943434300844
3.35634497068936132891
0.50554421694539675158
3.35720647129711036172
0.50517197945666980630
3.35567998885884222204
0.50552359674079760943
3.35816921163654802385
0.50561328421398599176
3.35900131540170265865
0.50538043344391958556
3.35616618594288329547
0.50567373825093564488
3.35982779390531138830
20
0.52862321421172564495
3.45805873632922633476
0.52833482386078411963
3.45835479024896308431
0.52840995852203498373
3.45750002864581729156
0.52890714032033159242
3.45877932562686796203
0.52873703241956959697
3.45805444551450014146
0.52882518352966201292
3.45986656634591493997
0.52856412877334113531
3.45643543133420338975
0.52857182658628665273
3.45832461764509968560
0.52854825557047269147
3.45883015077353483946
0.52885583711512818006
3.45821776507506628562
0.52851775742927054047
3.45881859967237526021
0.52850879612459611412
3.45562224479239210595
0.52873870185334004290
3.45769707545683369077
0.52861171699527709222
3.45696019956778144433
0.52860721622843920287
3.45760738695401803611
0.52883468743265349410
3.45877647788052300371
0.52856538212985437752
3.45726146293672842447
0.52846667253247670004
3.45841553058769601847
