1
0.90008014172153083532
0.90003756588274130834
0.90004953944626886475
0.89994180415213098634
0.90001097879452840456
0.90001751893033299368
0.90004866230826863216
0.89997463957011658575
0.90002264886912519692
0.90007245346688935506
0.89994362223338364437
0.90003121225490978485
0.90008872121556060542
0.90010072643954552873
0.90004516159508807238
0.90002232701393125591
0.90001636532132422985
0.90001143469232858241
2
0.80202151867709192690
0.80187839845344721645
0.80194328456953511974
0.80194503405396011519
0.80189679815764058901
0.80203471843146278975
0.80201004901755035270
0.80207988663771523363
0.80191302850633383592
0.80200423940517961974
0.80203643494930432212
0.80204606768076613932
0.80182690193719319272
0.80217884136961847830
0.80198449515145275868
0.80214855546117158624
0.80203624683921237448
0.80201068445381562544
3
0.70627017299332195410
0.70635434840878175144
0.70623789480289222986
0.70649114531101009362
0.70612083060564589942
0.70621977149547943142
0.70594713449125823246
0.70602099338523982563
0.70624585806742712357
0.70630013564816507277
0.70652169702268663443
0.70617538584004513336
0.70629235482829910708
0.70624840529666821354
0.70646385127257260717
0.70648880208266073844
0.70646938987091822959
0.70642490023147797018
4
0.61359709282991969914
0.61354627955355334201
0.61380186348213028324
0.61348633493352466850
0.61350359163238699090
0.61337211055637752555
0.61363883459015255983
0.61361139592227353923
0.61384259442683952734
0.61382218183317949212
0.61368668618320354469
0.61382780140592885232
0.61354408153163819684
0.61371659114057985906
0.61366006030917374936
0.61379610624833502719
0.61378605305031586070
0.61361903972952114295
5
0.52431355633246734538
0.52497860030306342516
0.52520013518496344584
0.52472940252545285933
0.52454474006644002948
0.52438101806161641072
0.52470206923640405616
0.52478884722135232810
0.52478116903168636753
0.52464070940296236856
0.52505067946724737205
0.52499863674717806017
0.52471774673046467363
0.52467857834109876691
0.52496032708552031742
0.52475244136851795229
0.52515210315663440888
0.52475921707375283720
6
0.44047046995742877851
0.44038862069224093965
0.44077368659400539830
0.44073965909089640736
0.44075854987047424771
0.44063078002744715533
0.44062434762879776340
0.44060632396155940960
0.44095138797655353269
0.44061846503175272627
0.44074158501313920322
0.44113178747559700366
0.44062860304740758544
0.44037108292250071173
0.44067839839058697837
0.44076404097764654288
0.44059736098659751935
0.44072844837614510993
7
0.36157033683911876665
0.36213128521589210695
0.36201894343255036635
0.36144366743553046906
0.36173058629315524293
0.36133815871676100429
0.36169644540666456844
0.36206114307323988832
0.36182473599024256306
0.36235706769733466714
0.36223575386258266562
0.36230648412495469746
0.36216246142840025080
0.36173222671406357609
0.36204143433838475996
0.36154109493272379439
0.36180667717897441182
0.36205308505139743858
8
0.28954814321498689722
0.28987754523509212667
0.28970695907211996278
0.28943100522694131804
0.28940900928812374193
0.28953386808623282622
0.28974463509253911564
0.28925755521714791030
0.28950562277695368607
0.29032928816862779708
0.28976451034222372449
0.28941028099662624573
0.28976360236014109262
0.28967675055153019326
0.28929671545831303625
0.28922565034734804001
0.28976592275418222577
0.28971002730777550838
9
0.22469128413117400722
0.22480789976089987636
0.22482407022834627330
0.22465997497204903688
0.22419405916690060554
0.22465257118028336691
0.22503868601463372645
0.22483495593269531287
0.22470983249720977160
0.22495171455941664895
0.22477863977086975922
0.22492883691232423704
0.22439085682197701388
0.22471103464359076796
0.22455688907485715777
0.22436186012657777233
0.22506547025208745172
0.22475030792874661767
10
0.16794090791165605658
0.16885984852325719441
0.16847462204729912738
0.16814282229998778195
0.16808834623182811185
0.16793592316797634201
0.16845645184975888142
0.16859673930683660714
0.16841036977926471252
0.16879833533846555493
0.16812939903220247562
0.16829810277456969114
0.16845609121691296206
0.16811312181585347236
0.16765607211281641220
0.16762550525061092888
0.16834997905908599680
0.16831052567670290454
11
0.12128078367553529748
0.12106814702051249544
0.12141633027229536967
0.12061179303662694640
0.12026901415959379005
0.12045181965913687172
0.12057915761450743730
0.12075406136319155603
0.12097622875973035317
0.12093856849703299439
0.12103190647798189872
0.12084110069133446874
0.12091726140902292475
0.12066744751272395764
0.12088433953214250405
0.12098488271313023734
0.12097581334626783534
0.12075761748156499387
12
0.08278970333412949412
0.08320374433810229231
0.08305644733285333370
0.08258703437008785286
0.08255336732651152865
0.08312688440045579163
0.08297240684520201803
0.08316989341321234797
0.08263616865520206911
0.08281897873096022433
0.08271393691026629469
0.08280779853950270830
0.08300399461320517869
0.08251767756236350060
0.08270569099486280162
0.08275849923447176071
0.08275906476025096659
0.08257069101201630623
13
0.05402473910049265804
0.05409114384791324781
0.05418562943007010357
0.05369138313570975818
0.05401274772287090187
0.05448408899098755587
0.05433517680975874509
0.05436910684241746949
0.05410744834628855582
0.05424444700848718437
0.05413518359403224345
0.05426127266292823936
0.05454492852936942970
0.05398218233983276271
0.05400775674713831354
0.05434230016779717509
0.05372936091998570252
0.05397481306572216031
14
0.03356536738165938338
0.03350632887658311354
0.03355139617885860570
0.03379807571532644772
0.03356108396388535198
0.03348615172339675095
0.03377399618920995383
0.03381545240281114140
0.03375514379831945355
0.03363431722770893195
0.03393473388127188350
0.03365430145079240098
0.03381749958888990992
0.03366735527406983230
0.03334376675332395568
0.03362960889924493380
0.03358366033562398822
0.03346246908773820028
15
0.01964663814889222593
0.01966238051188384794
0.01981420822659951675
0.01982998390171342162
0.01981979615425033536
0.01978925882223092625
0.01988033534956812343
0.01998714224673558970
0.01984784540443840228
0.01980807872888912247
0.01994872377875955838
0.01974637762847031297
0.01979692585405901095
0.01987955904835148058
0.01967161816371953975
0.01971065808718297507
0.01979076508072497020
0.01951340900975173653
16
0.01083431013249847030
0.01078342188117642486
0.01106281812796616748
0.01103877634738936742
0.01110742584254043042
0.01099593618555283481
0.01104913475838287251
0.01111367561785003844
0.01115260309809473771
0.01101215760079987671
0.01107005742307975993
0.01095034464369148974
0.01101587870487619192
0.01097616674437085216
0.01086855028494826403
0.01074761640019550324
0.01104169736551929848
0.01070749140553506340
17
0.00578888783281683583
0.00563663912881184892
0.00573095873053497407
0.00574914350448396672
0.00580311560796509252
0.00572146609685331153
0.00573846723786197721
0.00588574696079691151
0.00570011100341760724
0.00582150808435644151
0.00583929530792504092
0.00584087434962210494
0.00583257445310914058
0.00578177205735996846
0.00566273937378758419
0.00578512938992481462
0.00584937409370889227
0.00569596213695522380
18
0.00279138189758121325
0.00280490643231812165
0.00282598606870632096
0.00285164202250198784
0.00292242676883092134
0.00282041877893934867
0.00284965000099712817
0.00284746592882767491
0.00287112770685105101
0.00278581420645584998
0.00288504721131377373
0.00289419525697376390
0.00285581637260268195
0.00286715234955126075
0.00288385412615888015
0.00287530130537239081
0.00291964543886413797
0.00279038802967213062
19
0.00132663557468570836
0.00134837537843790489
0.00132683292391189145
0.00135196781321955672
0.00136253768349414717
0.00132823079657895526
0.00137410565793993911
0.00138687224757583216
0.00134019957588971117
0.00138926503166392212
0.00133620947929768974
0.00136991937468244895
0.00139285362634256060
0.00135934558075867518
0.00136333631925156240
0.00133182201760650987
0.00137251115015513125
0.00129791063951156804
20
0.00059424535437246906
0.00061322200995306275
0.00061222409440608860
0.00059764105678128399
0.00064058810185052550
0.00058705457708685405
0.00057706530212475737
0.00059624308888694966
0.00060523274477042310
0.00059324666228799394
0.00059005080793184117
0.00060782922417323970
0.00056308185874975880
0.00060882751932367363
0.00061561991626368773
0.00059384618644209297
0.00061282348125313302
0.00057606703325474573
