1
0.91672600632665834919
0.91671659922959858324
0.91666227476854700296
0.91668428377486244063
0.91669816725471930940
0.91664430789152007151
0.91670405127671950041
0.91668849428116505607
0.91673101832352266172
0.91674860685037418140
0.91670474370482768478
0.91670472844100558962
0.91670685144618646589
0.91671132466623606039
0.91676779102616290373
0.91673222477389848528
0.91674393939171927581
0.91671387324331232715
2
0.83446907389636748587
0.83436059009889296245
0.83443371972521829250
0.83431895860605809201
0.83445525742020221216
0.83445446815081736336
0.83441092609479605713
0.83449666706144720596
0.83439669402874339088
0.83440283139307036553
0.83466410541525648537
0.83447081654867749645
0.83446732024694025842
0.83451949757471777236
0.83460559097825282038
0.83446164255203680860
0.83450336671388725129
0.83446753397495254667
3
0.75349948020456181119
0.75356670163060901491
0.75349210410716582764
0.75363749242435440490
0.75343067787649253830
0.75363036597159749341
0.75368261584228046779
0.75359650469812522466
0.75359994039092148554
0.75349584655457835236
0.75366634247528074830
0.75366921868538439000
0.75347015274194328871
0.75366424292085509862
0.75367900044928948233
0.75369838961175095182
0.75358006136248290030
0.75345017982103945631
4
0.67437138247174766015
0.67418299970018336076
0.67445483099300140850
0.67411976052509436919
0.67431530356602453757
0.67429873302283160896
0.67443187419430072893
0.67420518640375382002
0.67463208223996207202
0.67432402232599120140
0.67441315448207461714
0.67419932577545726993
0.67433494513556679895
0.67433339818438331470
0.67450185794228012526
0.67463684606099261210
0.67444942746420366575
0.67442642749954773151
5
0.59715864943194585379
0.59731859499093720167
0.59724039002242812479
0.59727506864038237833
0.59713972542343818350
0.59706148458064323137
0.59680788088677394487
0.59712557384380171577
0.59728311296682901066
0.59732585927774173307
0.59745469195164435661
0.59723824877075193385
0.59736849924784474197
0.59701881203336326642
0.59730954669574631843
0.59699545846485380096
0.59756909391063772752
0.59735971258592934774
6
0.52285485692429745086
0.52245537205758729726
0.52294016263526066357
0.52260072732661255746
0.52232534464669599927
0.52234574669766831168
0.52247944849105565357
0.52229841873291493748
0.52257788966843354839
0.52253425956501386995
0.52259347968374714188
0.52251534133106769531
0.52267095880511293959
0.52259590421904666968
0.52249267361241757968
0.52274977939130606863
0.52270312803828988812
0.52260560454731075364
7
0.45109093372193131977
0.45125569582299540627
0.45101500615740830469
0.45144221702214448744
0.45095241013031528432
0.45090443618166431428
0.45082481636698568117
0.45083876041277104463
0.45094784955198496945
0.45094265365299568415
0.45110672143298768955
0.45068225731088851216
0.45128304685038489463
0.45068297067276219536
0.45097081968311170108
0.45097102852719883614
0.45088253521569143789
0.45148987786120364785
8
0.38303562581755379313
0.38326280539407675541
0.38306097570003971864
0.38288569158299223805
0.38293196808429241784
0.38326118938406505965
0.38277637414463727694
0.38238980519486132081
0.38316699632232342765
0.38320049541286671513
0.38372443153280466621
0.38257088971533714794
0.38280898298048782191
0.38262627415056527092
0.38367484492350123482
0.38269394070262696683
0.38316422800936844606
0.38324411970230465307
9
0.31954377388312471542
0.31886856530539930965
0.31968255337526174653
0.31906893410992065441
0.31889863906630411261
0.31894742591618185923
0.31921681738728358013
0.31912012485682816898
0.31928841233093696594
0.31974401736228175164
0.31953251949536598531
0.31940543886853767219
0.31925115553550831304
0.31931851844591252476
0.31948801606224119798
0.31903615422665498880
0.31951024394439697662
0.31960154825842701509
10
0.25973323778968449016
0.26030256541505103485
0.26042043543408066597
0.25986316073218374001
0.26004425223388538679
0.26044920530233295342
0.26023120997301618651
0.26012560676989771036
0.26014651736055671716
0.26098645774089157534
0.26076411810321054041
0.26007589831803712421
0.26027144739643337523
0.26010652379442300575
0.26024952034665238543
0.25971887430685747233
0.26004261557454511067
0.26043199881432621545
11
0.20603038136371709665
0.20695005790842568860
0.20687005028119587191
0.20634397074523891380
0.20637873404010986800
0.20656194568511532239
0.20638465949736595206
0.20656146962294918978
0.20613693030912327853
0.20696078235445447557
0.20704922455104401990
0.20685403916865741092
0.20679785569333974937
0.20699524514919576124
0.20668169420083892796
0.20657468981496251992
0.20647767111091364090
0.20667030539971054104
12
0.15930264602343224833
0.15919370889937689562
0.15915606293876227717
0.15905413308006344231
0.15897978376063526262
0.15889470259591442769
0.15939352693702324437
0.15929857351663068155
0.15941715411997658958
0.15943160217531893164
0.15938273261262314584
0.15975315608750184637
0.15954990908018185092
0.15920691157579980324
0.15886956196989898693
0.15938544461705028699
0.15953914551775105757
0.15946551538351239063
13
0.11842553937262345620
0.11884858412467913524
0.11879549430372804419
0.11848965725155979900
0.11854551839468419061
0.11857872018463289088
0.11850291801337087261
0.11806101989811501607
0.11874306121150479676
0.11902568703497884428
0.11879964561724509764
0.11891279608459415229
0.11891069384762997796
0.11866111494786535374
0.11838523827785785159
0.11854202795381940660
0.11853988244876079161
0.11852460264907671572
14
0.08533228988249652591
0.08533066347825579712
0.08543486305051917196
0.08500222527058265420
0.08512751845844868104
0.08486910354652921207
0.08505108514532466746
0.08552704375691222438
0.08519606861967154998
0.08518652826420347601
0.08520557759798252917
0.08514583841076273085
0.08526620809314755522
0.08497570616816274569
0.08509883019117192582
0.08523981324278440130
0.08504323162084270749
0.08548268858772467560
15
0.05862013651478736875
0.05877822906125007574
0.05902902586797764695
0.05874670114909852359
0.05829923600000375128
0.05882217854747562313
0.05880906831884247232
0.05865079781961501926
0.05902157713940725525
0.05846627914487101396
0.05846524839148492525
0.05904107859227614163
0.05893516155406286483
0.05836820186118651943
0.05843843173159690707
0.05876158497455175045
0.05842409163547235273
0.05851362600816489845
16
0.03864578532580320580
0.03891170401609245211
0.03880784776905910061
0.03862584446987593623
0.03867129257115498042
0.03864690179526597547
0.03877018892176509191
0.03886349996982030319
0.03916859809406025850
0.03874223978627833187
0.03892021684236146584
0.03880177990556821221
0.03885370031121870849
0.03900237923219929126
0.03826760936693951454
0.03881616269035481626
0.03881598537773200963
0.03849382281591906541
17
0.02445682818644079326
0.02444901001303334542
0.02446098693834963811
0.02442862895924780009
0.02459214352989469443
0.02450193587281090934
0.02459230023120995146
0.02452248032221904239
0.02457881388997273930
0.02450725043145951521
0.02446786280999180274
0.02453770974352409429
0.02461569493665971553
0.02451410178821777919
0.02428318188949762924
0.02453980309395908943
0.02428757538337611432
0.02443169834233682725
18
0.01471828816914944049
0.01460217819651388194
0.01477170129344507199
0.01481247372015426222
0.01489514078589493362
0.01470722118766809583
0.01487146760776447696
0.01502691926584176496
0.01495396000680071502
0.01478158749800495553
0.01469462091232021095
0.01475480256714922778
0.01489437911453328489
0.01479014082564378274
0.01458587076913375746
0.01483051473623420158
0.01491728370519829205
0.01469714505070462973
19
0.00845881584907037798
0.00849086554754663325
0.00846982534244877794
0.00839726675333252182
0.00855221151901397469
0.00840415295292629150
0.00843739105223262342
0.00861413626455198589
0.00844289356409333447
0.00846255852291333266
0.00850522854120783212
0.00846433153733427979
0.00854650011094326700
0.00849756060996353924
0.00843915745260592765
0.00849539615403915871
0.00861747279752012041
0.00847218652731374089
20
0.00469444316713973908
0.00471722995212109364
0.00453928994356145310
0.00465581914686707954
0.00470574184109162630
0.00472693947439351003
0.00464907764959010539
0.00475467361107373421
0.00464827951946145124
0.00463678885450691247
0.00463619994445874095
0.00464233977109607121
0.00463421844470301991
0.00472337718383286642
0.00465521916059141727
0.00471545158874031589
0.00475229543333766102
0.00460885271599009716
