1
0.95238022221102625053
0.95240136358288873808
0.95238491758362520123
0.95237446487591537192
0.95240539832821680122
0.95232769106131809345
0.95238337221262736598
0.95242002460360530858
0.95238405875426224156
0.95237101924361333705
0.95236927241929758559
0.95235575901382829578
0.95237287345951604500
0.95243114748716062312
0.95234885048225303983
0.95239225672624094887
0.95239419948837478191
0.95239094937474466640
2
0.90493512108506268810
0.90496161657064588812
0.90487602723406401761
0.90498065824673845636
0.90491358929068599348
0.90489980454631335771
0.90494887391052425407
0.90491736845558268243
0.90495824379292866269
0.90485952702255290081
0.90487844675970685593
0.90487452152845149200
0.90490481830072166947
0.90488936295402622179
0.90493000387372124482
0.90494573514697085326
0.90493038348090448775
0.90490302230877650569
3
0.85771225182963473088
0.85754664711523664877
0.85766636816469343785
0.85771901765265212703
0.85765682560442946247
0.85767982282397448035
0.85774263832673547370
0.85770035440566361196
0.85778088434768895443
0.85778242557266659585
0.85762375509108768057
0.85755993369930350045
0.85774248452423784705
0.85757829708317911965
0.85772226064668166678
0.85769436444578217582
0.85758044714765513383
0.85773030878713596437
4
0.81074698347905427287
0.81051822033326648143
0.81061081800206724601
0.81069500636443003749
0.81066137871984378371
0.81071664188507330806
0.81062300524596686557
0.81059895204463039420
0.81073767068329039009
0.81063212851253518831
0.81067343960708537765
0.81078289567371530921
0.81075817911175018793
0.81068434803117328524
0.81093913094442471312
0.81060377321754861768
0.81092015819472085258
0.81077377772706515913
5
0.76400423697014152591
0.76401018493468653148
0.76401261304376766326
0.76414765081106494904
0.76385134718684133404
0.76395579556511061803
0.76393123303434151694
0.76404104758350099846
0.76389469182804292657
0.76386922445836835660
0.76405438428837513243
0.76386816505734289606
0.76431425614315573469
0.76391941801839213788
0.76428218963378957707
0.76398093231799901748
0.76400516148618291545
0.76410304121890315621
6
0.71778066732514034243
0.71777212883466234850
0.71766782516876392872
0.71787231929599060187
0.71771719706329073496
0.71768516066041510015
0.71783343201630878117
0.71784479233143549948
0.71775175953377146065
0.71778602682125058898
0.71773550714410716544
0.71780080809350987892
0.71779419812543288071
0.71776150416349593364
0.71771489622413331411
0.71772919688843050956
0.71781082598494649893
0.71779509009100528338
7
0.67204630439188584035
0.67200170558908423057
0.67204311971887564781
0.67214285793908068456
0.67172334662677102290
0.67193245071020635262
0.67185362641669643669
0.67195954924934264696
0.67200955894194347451
0.67192545576398177154
0.67170377624980115439
0.67189542346413910767
0.67173757104739362234
0.67189514253809412558
0.67219541220984080354
0.67174399318488831057
0.67197351753007850128
0.67189718895572925206
8
0.62661866184198911078
0.62682060944898032595
0.62682453661552206547
0.62651510471642790634
0.62654416334042406511
0.62649306387385461647
0.62676312294211344867
0.62637690193505857206
0.62667701118332241883
0.62674720357474222876
0.62661843878037026823
0.62653869607187895330
0.62641162970002461918
0.62670753068721107848
0.62696046920548065273
0.62712938651833005643
0.62657066957204232693
0.62644133730281348349
9
0.58159257223942018022
0.58160837016219768536
0.58203366211906093497
0.58217637460201321353
0.58170546607180817489
0.58178559306340238422
0.58168579851493673605
0.58152490270676848727
0.58157811911464407650
0.58187127191795928738
0.58180651803812333256
0.58152590476046994716
0.58189932668325639042
0.58198005864141566512
0.58190952151878982956
0.58191282141974687292
0.58178745464491288253
0.58164638784447075803
10
0.53764988785718215158
0.53778093277673622019
0.53783361189591949447
0.53780122826329312957
0.53771637385970971756
0.53748711788056213745
0.53742017267902653099
0.53782550903827175404
0.53798423438719855660
0.53827492365386553352
0.53800873808699933853
0.53753999232132632091
0.53799388249560842201
0.53743645659130256931
0.53770922202796800349
0.53758477213601274514
0.53801763088565868198
0.53768116638856677802
11
0.49427571830404692932
0.49401742459178155098
0.49438909305986433740
0.49442237771062369500
0.49433545597399997096
0.49421806186896855007
0.49434936203159629553
0.49395479608443249031
0.49424451175252492874
0.49435570287088248520
0.49420276601745360967
0.49434972341490834857
0.49457058592102620675
0.49389174102816091327
0.49449189247336178266
0.49422251534778705029
0.49424369439345872124
0.49446572290982637732
12
0.45213506331168062946
0.45141542737112816397
0.45159635562450317625
0.45202464393187669067
0.45164055110014389438
0.45164740691705929088
0.45185048838369590296
0.45163611134964887217
0.45201899867871109251
0.45180348071201814619
0.45198470426912840114
0.45190209324749108788
0.45188850379862510742
0.45183047653587449233
0.45250123761847715897
0.45177812632429559248
0.45195183674686278952
0.45248580900238910552
13
0.41007548537987681403
0.41005975490401402883
0.41053079698654570961
0.40988032637788485157
0.41016379712042660977
0.41003063704161690772
0.41018755054682587424
0.41027044578611526759
0.41029805823410636645
0.41019281104616567291
0.41045585113143912004
0.41023877492236993092
0.41022310153850072290
0.41019729097079915547
0.41071747625313081986
0.41036982459251936106
0.41024399213927742469
0.40991087903612699606
14
0.36974127563303349486
0.36980239575298334831
0.36981157663438346539
0.36976586979618397688
0.36919533362106371488
0.36992389960645544189
0.36904496603829584078
0.36911526324801147148
0.36994927347764983150
0.36940754226976368901
0.36985108233466545968
0.36991484799361251667
0.36966512524915506877
0.36988675251562708191
0.36975279495057233881
0.36911877930279690663
0.36998864974275436079
0.36989493147118368555
15
0.33026461438887622091
0.33100358166371213198
0.33049109689375455456
0.32966320496777168358
0.33043851351278963335
0.32989736868803498648
0.32978100387532938154
0.32959210872809985293
0.33040919265621349066
0.33025631559954893302
0.33094960121338712344
0.33069713468172523552
0.33042219574570197427
0.32987046824135179968
0.33038991301785847199
0.32994823996586497561
0.33013092152559309067
0.33045411554642356577
16
0.29275753207583143922
0.29270815120615578664
0.29289914050682608337
0.29249243181273398839
0.29221034208234575313
0.29222468684575220177
0.29177144286546152774
0.29211811117820241090
0.29189585573296505938
0.29289399914638380995
0.29253471841469325110
0.29212276258283909058
0.29224302093553022885
0.29189884657679943114
0.29213262514675819581
0.29207561574028650941
0.29285147962016588874
0.29240848569501909360
17
0.25562042561148412556
0.25633334245561512077
0.25633544399532204316
0.25540152344360800285
0.25549521277221443061
0.25565336900627955163
0.25545973678187605671
0.25546627466595117628
0.25608859777910419897
0.25572265689542605926
0.25594136714168236324
0.25594742238432610648
0.25590523116504226842
0.25521345294966613082
0.25552230227824657138
0.25556681631214639427
0.25581478420409420327
0.25615444683581756191
18
0.22134273908083101912
0.22163209969063069060
0.22186971310900738263
0.22128085780917150505
0.22103529105311681136
0.22112432236072143699
0.22128719879679914495
0.22141285736264049167
0.22098319104893671128
0.22122962178195526572
0.22146907381430513961
0.22170020873967000163
0.22172703476050992233
0.22127914198907172594
0.22134745161699242999
0.22106772642723393485
0.22131129797153836769
0.22192672811145963685
19
0.18881989734061943587
0.18896861123294572682
0.18925591545840414476
0.18896772995317923094
0.18878587219389653118
0.18880735522682512428
0.18881450161409174537
0.18880733367446567161
0.18865148195518710583
0.18884957707580352082
0.18888707921235381448
0.18883154849877592518
0.18889292098262466801
0.18868887076606644104
0.18890092555822890485
0.18822705225773717075
0.18869930118040600941
0.18830938501471017332
20
0.15868902010675522973
0.15884286803940772526
0.15809293881478070354
0.15844843204202629927
0.15859240335747548656
0.15854828560720535258
0.15843046986060616010
0.15867469557180202688
0.15834888138213454312
0.15856794193063827869
0.15854389574598348744
0.15820697915170733872
0.15851992821185312277
0.15798456625255385966
0.15835483168332165071
0.15835500001178304252
0.15839438320941567895
0.15849362148876411371
