1
0.85709698935938471998
0.85712803111454305416
0.85715897369179683274
0.85712831280510071164
0.85721327547577175210
0.85709630728569607960
0.85703370850642857093
0.85706117372959333967
0.85714815082423945203
0.85715517444810040981
0.85702252321332272889
0.85716203824057912719
0.85713795901573774927
0.85720020146195574640
0.85726536424166233097
0.85708048298221584105
0.85710226193686966933
0.85721243548322378913
2
0.72012861990468368667
0.71987208017124992843
0.71983367088699801162
0.71986589646985166269
0.71979533851525157040
0.71993998875279219263
0.71996332864514700489
0.72008260248781574830
0.71988529417136315480
0.71993195692240674610
0.71999964831962870448
0.71997520100876111204
0.71998084669374451394
0.72006200961172495134
0.72005567084907229347
0.71983925272835946885
0.71987236266885390457
0.71993112547615201180
3
0.59031589090280411902
0.59022849423701684302
0.58977883509050132993
0.59016471109738444234
0.59007106607141723842
0.58995225980089571749
0.59005061234127786918
0.59021200455421807263
0.59013991797883313950
0.59007141692360298713
0.59011273616772452755
0.59021210530987366916
0.59007419162253005318
0.59062847428357767576
0.59012422755867510737
0.59028789311041507393
0.59012162154740044340
0.59021979617868636225
4
0.46978306080905962716
0.46959964450467905905
0.46952265651913427380
0.46975989469862022840
0.46957556204535355615
0.46958569044890952071
0.46947273685693768908
0.46942145006818458697
0.46965240926737494842
0.46930132925077705508
0.46949969925955992167
0.46973419594094500962
0.46965179691409653095
0.46948241887011710194
0.46966714089021444067
0.46943800254139045336
0.46989508909946764437
0.46982100422011707774
5
0.36085906608545792462
0.36028489822906495377
0.36067723150958563849
0.36028149638738460325
0.36038596334578831826
0.36060316045932183648
0.36071957347244065772
0.35999490044344639728
0.36053852343829528859
0.36030523139404480037
0.36079549703799262961
0.36074454804922362339
0.36099457791553024588
0.36038092611395011744
0.36078622735490684104
0.36048613247263361359
0.36054024085876834604
0.36092560922925120970
6
0.26497062237521273875
0.26510912089795346525
0.26511117313566612275
0.26516262232093201767
0.26469224889034770332
0.26480497791328883039
0.26507031215090859355
0.26519724878368222676
0.26538250759961035108
0.26505731005017152402
0.26503909181229046155
0.26494923594443842152
0.26491630637793384118
0.26505737911786098060
0.26520797830660558514
0.26511369637373582986
0.26490664911853578634
0.26505454026984243132
7
0.18467234460278092456
0.18508256001820200254
0.18528063404694572469
0.18512811402979822972
0.18479408004692976508
0.18515855498089361930
0.18464067075943946250
0.18481583451901795190
0.18499588097165386991
0.18496854387353323101
0.18543095555389021989
0.18533311044069522566
0.18528383210740417830
0.18543899002375741070
0.18479424308791803089
0.18509913175676284691
0.18511542507124534307
0.18526471532368582462
8
0.12171354253397381751
0.12205434162130768261
0.12163035782986697519
0.12131806349980700510
0.12129395259528108486
0.12155169717867175816
0.12169842309861034213
0.12128596507044908659
0.12156450672977814342
0.12168821895236836550
0.12173560363327151634
0.12195472312280286609
0.12183447927987678394
0.12178822778902764767
0.12152058950805399995
0.12168758043136329583
0.12181074787078749466
0.12183201151593447964
9
0.07485983220941294647
0.07511229052697465658
0.07475288977630312193
0.07466430718733130245
0.07468950774826477179
0.07491670094097546695
0.07488690503723571812
0.07460733299217214842
0.07503632329452558647
0.07492152099862547932
0.07527305304523312923
0.07518019171125522870
0.07517407529004838107
0.07490365135017618137
0.07471881646984712688
0.07465076450380814244
0.07490439142621907465
0.07460009816630375212
10
0.04283793673586244743
0.04291378863154993173
0.04277325158880340705
0.04260973446057558789
0.04271331480794360314
0.04278295589034286639
0.04276994477363549318
0.04279416694313953329
0.04272759402218795355
0.04274887786349423902
0.04269279525574343204
0.04296600675397488356
0.04304089788667364580
0.04289601764744843670
0.04270560066106821040
0.04285092960101866133
0.04284452482839185006
0.04278499623814724373
11
0.02272780134194918311
0.02257803387076495749
0.02274383718941630494
0.02265179039333742317
0.02269686973967011134
0.02278721579987641466
0.02273334509960978078
0.02280784215623143929
0.02263019777062125204
0.02244446169285507775
0.02284965621937862235
0.02271654038873949233
0.02283611541551633373
0.02281929194743481659
0.02255969075383446043
0.02266726010263153679
0.02259886011683454043
0.02247484488157591720
12
0.01098380941906806907
0.01096013539549300919
0.01112972382858545828
0.01109725769632563530
0.01112229201054859562
0.01110858834479322432
0.01126679459535562255
0.01124373178465221113
0.01112463891252302162
0.01105402921817588702
0.01128517967402109523
0.01114047139639962047
0.01119347420117877689
0.01112776589704156383
0.01108786730872035609
0.01113050171608176431
0.01108904522899301082
0.01101118603898154635
13
0.00499432747719896764
0.00492917397130265833
0.00491689676268136644
0.00498304292780038516
0.00511627981014473043
0.00501610678315655978
0.00496739778287014211
0.00516319989462699080
0.00499709559116912061
0.00499353346073383442
0.00504698955619609091
0.00502580960985099523
0.00504640061894023884
0.00508223486208958519
0.00511727163742548008
0.00507470883552119112
0.00503630220917539173
0.00496521661777404866
14
0.00204680119203470845
0.00208643559402443834
0.00210316652496533862
0.00211571257363130094
0.00205695608819878029
0.00206114044715188793
0.00205616183921697449
0.00214120411947793521
0.00208743059028837497
0.00208046099055814171
0.00211013537557236397
0.00215574015208719327
0.00213642164840743831
0.00211113200023471670
0.00212606595175124369
0.00211929776383046331
0.00215195650824651086
0.00207010329360379774
15
0.00079556609293718328
0.00084468455218433824
0.00080015779335507187
0.00080235506699710690
0.00083669767597083222
0.00081114021854622465
0.00078238629618931910
0.00083570068566618527
0.00082092405113631806
0.00081333745530887125
0.00084049180160794545
0.00082631647101516492
0.00084887777478925841
0.00080315330096203397
0.00083849599875940317
0.00082351993723583927
0.00082092487138574199
0.00078058864297481101
16
0.00028611788416721406
0.00029051522765655147
0.00029451282420400737
0.00028172032949080883
0.00030530645410242752
0.00029131487779265886
0.00027612356899608947
0.00028291970738703043
0.00027612340336791164
0.00030090924577153011
0.00030950380621708184
0.00029171435266606149
0.00029471288287186148
0.00027532379037487065
0.00030150870316469902
0.00031569954440502368
0.00028751679264016339
0.00028152010459436827
17
0.00009099164696679818
0.00010458876716645804
0.00010018988082205471
0.00010098969905070199
0.00010258939225682440
0.00009519082360465170
0.00008899199072087693
0.00010258935122531287
0.00010358918528907690
0.00009319120275042003
0.00010378910214425829
0.00010098967885485699
0.00009939006099390912
0.00009679053388578218
0.00009998984103209985
0.00009239137064598335
0.00009599070809940269
0.00009279135184603327
18
0.00002259945309324163
0.00003419879620236710
0.00003059902083135668
0.00003499869804846067
0.00003179895699423341
0.00002999907602840857
0.00002899911262710386
0.00003179893791549482
0.00003199892483607414
0.00002839917074426435
0.00003279888483787019
0.00003579866113012642
0.00003079903291036690
0.00002679919066439496
0.00003039903939039412
0.00002879913602593653
0.00003279887171880880
0.00003019900947254239
19
0.00000819991636080708
0.00000999988800121088
0.00000879991376079303
0.00000979989808103099
0.00000859991572077501
0.00000959988864124295
0.00001139985408182831
0.00001119986112174676
0.00000859992260071607
0.00000559996640014937
0.00001199983920219250
0.00000859991056090248
0.00000999989800098966
0.00001079986608165662
0.00000719993808051544
0.00001119984768205295
0.00000979988828131440
0.00001099985700181438
20
0.00000319998656006515
0.00000279998992003261
0.00000239999040008154
0.00000239999040008154
0.00000259999324003779
0.00000279998712005014
0.00000439997272017045
0.00000259999064000649
0.00000239998992002111
0.00000319998592002158
0.00000439997888013188
0.00000219999076001010
0.00000319998656006515
0.00000179999532001762
0.00000159999680005019
0.00000399997600009083
0.00000179999352001303
0.00000359998560006680
