1
0.90913991406525762606
0.90913922884900721932
0.90909446928205761562
0.90914709583058939124
0.90909202312684389558
0.90910451036144956927
0.90911923910264702542
0.90907510799785895550
0.90909333216681897927
0.90909166776226357776
0.90916271018795069558
0.90916268048285342473
0.90914357608195195404
0.90914260364552945681
0.90916925638741319382
0.90908482934549694754
0.90912022525388258565
0.90913542282122739024
2
0.81966383036400269901
0.81966029199589773846
0.81948768666187921106
0.81964876531930130898
0.81963700945379636131
0.81961293344703489705
0.81953879104945781542
0.81969655368782856630
0.81955798355076470152
0.81966335555429004067
0.81965737143674144427
0.81971899238781475994
0.81964359995342483955
0.81970038970671166290
0.81972204389731295748
0.81974729946359325972
0.81960423847694341415
0.81965497117365637703
3
0.73194705699162487811
0.73188294936573994320
0.73190793486244765109
0.73205825265610546815
0.73172666284466736375
0.73192992629630726498
0.73185209203283008161
0.73186473203215562933
0.73190928607417826690
0.73182513997783482651
0.73204508521847133640
0.73204031762641830205
0.73191395771191014585
0.73196910998216524469
0.73197628334126596528
0.73183102271883759826
0.73198024866755373452
0.73191825547483024827
4
0.64645742705677200490
0.64669937568990731869
0.64640239688160983089
0.64653653374987329894
0.64634347666787850262
0.64639439900379458415
0.64658902420672892397
0.64643298116429415145
0.64639127305500998499
0.64660131386484698268
0.64661909313449017489
0.64657153744752560165
0.64641319924855755730
0.64666519632365249137
0.64670840828705866699
0.64630900322721618334
0.64649087611174138601
0.64663805284680231367
5
0.56381632494610955941
0.56414478616254393195
0.56376338929052194349
0.56370159260198748896
0.56377524802420797556
0.56364452744893545066
0.56372342216120951974
0.56357704190137103417
0.56373895311567356892
0.56405353245030975806
0.56398714600253707641
0.56367282469260771016
0.56377047954595171930
0.56370486670447306210
0.56380232165156174418
0.56368955064151993195
0.56377554136295282561
0.56355829935564671906
6
0.48501795122630497747
0.48425365787643059878
0.48472743334231971346
0.48457552569120410091
0.48384807392939876980
0.48417182838207561968
0.48424094629726111005
0.48456920285511262403
0.48467300525107370746
0.48451425353032706589
0.48464394800350196757
0.48449129383818090311
0.48457281592330281317
0.48416767099160862298
0.48438609213310079848
0.48407096493595003217
0.48441315499958392810
0.48434211556273532029
7
0.40919776360353010691
0.40881600886491153979
0.40943276664526850883
0.40932072068943070597
0.40886269812238462684
0.40886542376436174617
0.40919818245946959490
0.40924823146855282552
0.40922871443899400123
0.40956996762910247156
0.40949025961257179418
0.40931762891307565955
0.40903604617931399456
0.40924504767565872410
0.40899695042670380918
0.40904677567378944225
0.40893842610390096493
0.40898232315531191094
8
0.33868210903503137565
0.33888475545442564574
0.33883540515580723440
0.33876698705571806070
0.33798271925125400461
0.33835845076023185474
0.33853145457126376794
0.33845745929335169233
0.33895795593394140166
0.33877183917842779159
0.33877219111368905846
0.33849946987411128063
0.33884576625766393843
0.33841890214696079831
0.33903254044653319266
0.33818040598082999004
0.33876895350018199071
0.33892255898488266030
9
0.27347342783107808639
0.27414622277761258040
0.27410531010414107556
0.27318978757697276460
0.27335745589431259539
0.27361271117864893743
0.27352412302878348349
0.27372177051823498584
0.27391625276328879224
0.27410413687473234035
0.27408839440514687347
0.27403917423540113951
0.27345164042765157664
0.27350101978559870908
0.27375974703639982533
0.27300066374946474479
0.27383956433911704753
0.27412685948439574624
10
0.21518569304643075935
0.21538736514682677026
0.21547320647547762995
0.21479617468000233860
0.21489063995875989921
0.21481543249222945224
0.21493212705206643509
0.21520004997600084007
0.21539785220256257858
0.21568993154699955817
0.21490729399070229722
0.21488657172673453211
0.21512145196078125142
0.21497988389573385870
0.21511358855700457582
0.21507209865209253596
0.21550234540982338149
0.21502009545340361463
11
0.16333372823918179684
0.16433754077397899618
0.16412153123389894294
0.16330712703889171955
0.16298402473546147462
0.16280951301377044604
0.16325114630248727110
0.16369463730079869546
0.16365588843856482271
0.16403893768201982528
0.16355719676457880496
0.16366419685849231680
0.16335061012595741836
0.16371489218715429281
0.16315644832114384322
0.16329083082376860681
0.16384456296650085072
0.16316005906746311460
12
0.11972850363269782470
0.12014518986000832790
0.12001679708578305572
0.11962570088644697286
0.11985691721409974519
0.11948758506393297729
0.12036448497014085035
0.11994428907583964961
0.11995789178731441904
0.12034619620482545077
0.11978502380888256251
0.11998309665898532206
0.11992744694932200300
0.11967277219817273881
0.11925388945667558804
0.11963862984297024550
0.12008966627504835678
0.11979480697578825943
13
0.08455747661917301095
0.08425199518317227909
0.08406615600352818074
0.08439881587414244102
0.08402718163308897648
0.08372418534980230476
0.08437820810279550443
0.08465536400466455724
0.08432471751937520299
0.08452844877652943012
0.08405389200605328792
0.08436328502627776782
0.08429421201843123601
0.08406614060373895914
0.08419845896520472550
0.08391860153436059289
0.08464549270737797837
0.08428017104889884425
14
0.05689959695733726175
0.05700059389960054901
0.05640709368798246803
0.05655561528596031451
0.05643367908071106331
0.05649169214291249741
0.05666115694995010887
0.05669675106258187380
0.05688553291708120518
0.05663821869430640810
0.05675421917625778079
0.05683837829374893680
0.05693736126380855023
0.05666240278925505081
0.05655187691118657156
0.05666597300296072337
0.05666490514877031703
0.05649011108867663111
15
0.03673518612454484966
0.03636393421454564567
0.03630463731115707304
0.03638932090663982155
0.03653807874824144264
0.03654122777184176663
0.03641812594454940655
0.03656794657048811903
0.03692482112351780366
0.03621622330131524237
0.03666522616266110202
0.03668454963322775875
0.03647419634882265171
0.03640404077779846315
0.03614932555674776893
0.03611773135861362505
0.03632192494734476362
0.03605831608843734770
16
0.02203735299059217390
0.02206241456513269306
0.02230203701089272794
0.02237179463365523979
0.02220280103192617815
0.02228901491767987242
0.02221219230020099467
0.02233242905763577202
0.02217008446668411459
0.02207832010434807035
0.02234311678550382485
0.02214370703796963991
0.02238900229151519206
0.02222287841813153086
0.02204844720278220649
0.02235058079091267746
0.02203315770387925809
0.02200540790483584974
17
0.01283860061859354307
0.01275322829048686213
0.01287250901393488522
0.01283099197196768682
0.01294363388666919246
0.01283665164338676501
0.01288050172419819006
0.01314020401895710233
0.01294538247272281062
0.01282048244580091811
0.01291265852347400767
0.01288459419964249619
0.01298183179187695213
0.01304124430698994086
0.01273021334638635427
0.01301124414371623850
0.01284679891215823044
0.01284113934534492074
18
0.00705012577665875551
0.00707182035181364022
0.00719543882487072572
0.00717868518448283588
0.00731173445228994190
0.00701522620251726625
0.00719818865838528499
0.00721159907877377826
0.00700004686955091326
0.00719780297240468769
0.00724767026406158976
0.00727625919906349505
0.00717315815140817659
0.00726245625014398932
0.00703631813348803981
0.00716626245160434383
0.00722539765995600103
0.00708463272545878375
19
0.00375007422042650251
0.00373558036688304007
0.00372545858886874637
0.00371176550760010660
0.00380863198266634395
0.00374332882693950708
0.00371414623454513482
0.00378024414483557614
0.00364366781944869267
0.00374590864087476216
0.00377449015293218615
0.00376337894364775494
0.00372347494838798365
0.00377746979060233912
0.00375583224958808692
0.00381537718539926018
0.00386817215119261704
0.00366113580695637264
20
0.00185713866495629265
0.00185455238711240700
0.00184857422225137569
0.00184917126663741715
0.00186829768915186545
0.00184976757129473590
0.00188961804004328382
0.00187407636162484348
0.00187706436156853673
0.00189459950310433278
0.00191273061758323593
0.00185335424378996194
0.00187188609542165985
0.00188085271178561886
0.00183522172385075510
0.00186431410548559828
0.00190635352697365867
0.00179377371858979728
