1
0.83333893870036168661
0.83339429436102663296
0.83333386666496001016
0.83350345949841786464
0.83328470803984489024
0.83336108426743327193
0.83324904072341898775
0.83332192699720419871
0.83330013783411405193
0.83337271846844473977
0.83319167414273787031
0.83340300974788972255
0.83335516936097475682
0.83334293278040516562
0.83335336981316943117
0.83336620462670063514
0.83339536024071569909
0.83337507843035063537
2
0.67586900492173462851
0.67575421676777414071
0.67568584160772093838
0.67572700369865712489
0.67571171549799657896
0.67551439232910981403
0.67557523905071514836
0.67558185043959961824
0.67554582914246785741
0.67559296415639635836
0.67558574453688013950
0.67569516201394086430
0.67577040502882601558
0.67568049839335397877
0.67577181369514938147
0.67548560324618178718
0.67569360368028008601
0.67578882184923538823
3
0.52974746409316941786
0.52979756848967252125
0.53000127557602783046
0.52982312513717411129
0.52934198553028410927
0.52949899002293598915
0.52992315280791357779
0.52965624933857924361
0.52976771940681155471
0.52951967073158456856
0.52989835842452825965
0.52999937583942080543
0.52946025797811890889
0.52977563531060756219
0.52974591053099762128
0.52962487779656775011
0.52970552711476992513
0.52962797531412841856
4
0.39857196985643916776
0.39855272597447655158
0.39830152656828099467
0.39813803241290213197
0.39832071412068237315
0.39840056463682727017
0.39842066236505524479
0.39830833285900002494
0.39845557169966150379
0.39815327052946114517
0.39829631313507529722
0.39828854074680064556
0.39847711308589661705
0.39871838102375589674
0.39853958280805823478
0.39810270047080376088
0.39852180748972521052
0.39835297990836682214
5
0.28484613047714457679
0.28475078448471202730
0.28509593504444052936
0.28462562986874462290
0.28468318780459955786
0.28470197632394045328
0.28520271571393995824
0.28444573116951721303
0.28465510603477350848
0.28505005649533321499
0.28464947709349308624
0.28476946617910836590
0.28482765644171081920
0.28490023722700552611
0.28436484425072061644
0.28490105541368793141
0.28510625886110085858
0.28500668804208961760
6
0.19182636302847044796
0.19182113784080279117
0.19197731074103696614
0.19161034485713424047
0.19156306014540858129
0.19125579646957413527
0.19168346078324549620
0.19120599154002315689
0.19143137877657845358
0.19177639108186850248
0.19159087028730192870
0.19185003716680193442
0.19161442747500434525
0.19138305786460518831
0.19148181668679609135
0.19169911049773680212
0.19116441656875715616
0.19142284855623847850
7
0.12031756504145496578
0.12046985166560009173
0.12047329775590609469
0.11980998469350478963
0.12003210120326712751
0.11995483610928747709
0.12039043358894174762
0.12015971555132609616
0.11995983497490125824
0.12019419758095872819
0.12024514877170489058
0.11987443784213758224
0.12037082321613989944
0.12006798698546916615
0.11974238054167829493
0.12025936839260464861
0.12012021259990368627
0.12001378408754515004
8
0.06964104726350894836
0.06979369528995993388
0.06969142055057864216
0.06938094525507498833
0.06956276751206724729
0.06968415051608312094
0.06982725407140855101
0.06941088382223015163
0.06972012744077282775
0.06987602394879866008
0.06978104900314119341
0.06952260965202039511
0.06977828001431796157
0.06956955885891313862
0.06965400467033222576
0.06977795985312917892
0.06947534818350531438
0.06970801140611260216
9
0.03702001013439537580
0.03720967579814238313
0.03715868292761836944
0.03704113139057252369
0.03712793208753195628
0.03729365858392230670
0.03720359361689340449
0.03718038284735403209
0.03696916841231845385
0.03717559095238298639
0.03729365140336393658
0.03717279553710783890
0.03735001206199228818
0.03717889961256137799
0.03693505922171691491
0.03710101622270356447
0.03730867254844694170
0.03726622445148308760
10
0.01800215567864993371
0.01811458944760946377
0.01804709794911485421
0.01814312235610804347
0.01826998821139069751
0.01805750798220095987
0.01823527251885326272
0.01817570588663830478
0.01823893875683668675
0.01810629813483588535
0.01821753358574262904
0.01814292242222181883
0.01821484897800174085
0.01814044084307153692
0.01795606262133142561
0.01811323259451036449
0.01805114770067084429
0.01800332346689326180
11
0.00801286725062910765
0.00804868651863854812
0.00813664694843507785
0.00817343779506818358
0.00809807115098104546
0.00817088173952440489
0.00809355176149517686
0.00823442626495163310
0.00804553621929626761
0.00801266885340090607
0.00810948871081174083
0.00811303698011012209
0.00807426899099805695
0.00805616620683480278
0.00806284743776153334
0.00802959719883655776
0.00803510281106589730
0.00801621296680232742
12
0.00324900758546986523
0.00329271953756005153
0.00324423805857654290
0.00331119557263392927
0.00331636182131389567
0.00329152348978034581
0.00328596420443949544
0.00334516692945086014
0.00325258356723656661
0.00327622776311486952
0.00325337707318062996
0.00329689256065235359
0.00324582639593262723
0.00326569440061585947
0.00331775188621885597
0.00332391076889282377
0.00332430943885009267
0.00325000174431178124
13
0.00122330047827368116
0.00124005984567165939
0.00123447271036269957
0.00120514442656161069
0.00121053138332571919
0.00118479388661540952
0.00116803246758689916
0.00123227887495680477
0.00124564493686085687
0.00122030829513997130
0.00123367394532958308
0.00124464742679986085
0.00120973356097742180
0.00115626058773521390
0.00122270218981745948
0.00120873670334697980
0.00124983545597623369
0.00122689165939393607
14
0.00041762509860865382
0.00040743360411610308
0.00041762509860865382
0.00042481885723932855
0.00041482751471932922
0.00041482743178833381
0.00039844086271945134
0.00040323701159994396
0.00042102224440843106
0.00040783327775606448
0.00042062249730612233
0.00041402776444998679
0.00040783311468950423
0.00041402826107728163
0.00040623482492019303
0.00043481050957994150
0.00040703384878293392
0.00039604253348868301
15
0.00014257955409191503
0.00012538420159058372
0.00012098528818893506
0.00011458679960063556
0.00014337932470143144
0.00013478172359826512
0.00011418686851016879
0.00011978557781644472
0.00013518161530035044
0.00012458435220541464
0.00012858341273980223
0.00012298479907879578
0.00013798079307358879
0.00012718366961683714
0.00011478673065390410
0.00014857789160971357
0.00012658392384168327
0.00012558410105278917
16
0.00003599869684722812
0.00004019836794622034
0.00004299812528174574
0.00003299883844087859
0.00004059829487157440
0.00003999838406532064
0.00003539872564584101
0.00003459875444489224
0.00004239816839912702
0.00003559868284874756
0.00003519874692459179
0.00004139823643511953
0.00003559870420721811
0.00003179893791549482
0.00003599866084980086
0.00004099829447090642
0.00003579868976799627
0.00003439879604216767
17
0.00000859991744084354
0.00001159986080168096
0.00001499976000385317
0.00000979990200100644
0.00001099986360164618
0.00000759993160059924
0.00000859992260071607
0.00000939989848114386
0.00001099987020147797
0.00000839991432088905
0.00001159984920195978
0.00001239983384226928
0.00001019988576123065
0.00001279982080248931
0.00000939989096127025
0.00001099986580166412
0.00001019988372130687
0.00001039988560125327
18
0.00000219999076001010
0.00000179999388005836
0.00000459997608015517
0.00000259999116003495
0.00000219999472006460
0.00000159999488003049
0.00000379998328003950
0.00000319998592002158
0.00000219999119999148
0.00000179999568006295
0.00000319998784004127
0.00000219999076001010
0.00000199999280003915
0.00000279998544006066
0.00000139999692005954
0.00000479997024016576
0.00000219999164008389
0.00000159999551996304
19
0.00000019999972000750
0.00000039999968004523
0.00000119999736003518
0.00000079999792002017
0.00000059999963997193
0.00000019999975997553
0.00000139999636006305
0.00000079999792002017
0.00000019999968003948
0.00000019999980005458
0.00000099999720004629
0.00000039999959999815
0.00000079999872004688
0.00000119999568004570
0.00000059999940005273
0.00000079999839996958
0.00000099999720004629
0.00000139999692005954
20
0.00000000000000000000
0.00000000000000000000
0.00000019999975997553
0.00000039999912004873
0.00000000000000000000
0.00000000000000000000
0.00000019999968003948
0.00000000000000000000
0.00000019999968003948
0.00000000000000000000
0.00000000000000000000
0.00000000000000000000
0.00000000000000000000
0.00000000000000000000
0.00000019999984002261
0.00000039999944001501
0.00000000000000000000
0.00000019999987999064
