1
0.92310394198567680135
0.92307881888818676952
0.92315672777064372578
0.92318764631217131722
0.92304569501996214242
0.92312869412747500242
0.92310154950992928669
0.92311103930023907793
0.92314408568684336309
0.92315292837754558963
0.92313830600823254535
0.92315655062358070726
0.92310168906524781018
0.92311319117608237050
0.92318824104144459053
0.92315237444024000890
0.92314981961110853526
0.92310597364008184496
2
0.84702685430797686195
0.84704408470036129941
0.84697291772606042581
0.84709178729542178310
0.84707562937464930819
0.84699425475781975337
0.84711499167159087786
0.84713752538815900728
0.84701862615165879333
0.84711524196214504911
0.84709571051260512675
0.84706254620621901363
0.84704986568989859563
0.84699435308292092550
0.84713979194690391950
0.84704029453425522256
0.84716029073530496607
0.84700873996056258441
3
0.77187214826041405935
0.77182589808395851705
0.77207127547176557236
0.77201943050647514610
0.77186625692037735824
0.77209083872087580502
0.77199554661879787876
0.77201793999231882459
0.77202111047195987048
0.77218805449405358843
0.77190839916131648302
0.77190776444518105492
0.77194207166735773207
0.77204683889436354072
0.77211160346632701224
0.77202608950626028239
0.77194698134321804162
0.77184498935748568904
4
0.69844381995535154140
0.69820508754795285178
0.69819163781279858227
0.69826126780762864943
0.69787690980954408815
0.69819588246475072779
0.69850180208379752944
0.69796693815194177368
0.69832195846449285348
0.69839228101860106879
0.69805937441442422742
0.69846656469616097418
0.69826336185587711824
0.69817578762791909774
0.69817662572535654775
0.69814582487764487162
0.69829816667297217592
0.69833694464015660941
5
0.62613879900026603309
0.62597166872307274943
0.62626276367701527725
0.62631658836884407382
0.62614189282451571117
0.62600845803635007947
0.62628106078391665434
0.62590523379108531365
0.62605978312083077064
0.62601010848989280255
0.62626561311525597020
0.62610183050712597819
0.62609925817389533442
0.62581771859449464301
0.62592232536119429831
0.62604168809134441709
0.62606903060697938201
0.62596028075398868484
6
0.55580541979249908913
0.55587066007235930165
0.55607937150845676566
0.55584830064142565220
0.55555594074002168092
0.55548165692446427322
0.55576699063974777104
0.55552354340543830258
0.55577430194221499882
0.55610301808807371948
0.55581293702410961011
0.55583207448866334133
0.55595597432220300593
0.55556028636466536774
0.55594920133975345156
0.55581719891452407989
0.55624769027107556774
0.55602519182586040980
7
0.48792371957015956419
0.48788721569324722260
0.48807801681661699966
0.48789052013770817240
0.48747230047371847839
0.48817784123456298140
0.48787184684354800712
0.48748800851506901566
0.48830062179587030435
0.48835963281047500839
0.48787567602890258289
0.48789938175178382274
0.48796210596427169737
0.48774822302490905557
0.48796792634939489819
0.48794574525413325627
0.48838910228730814111
0.48821152487356533900
8
0.42326306687970527420
0.42299662649612468357
0.42309848585456488745
0.42289168488498884990
0.42257705731876638033
0.42257269194786672983
0.42253096240277598916
0.42264543544029009592
0.42314076799238731219
0.42312351245365231733
0.42295072696594715467
0.42251980639191266675
0.42279055211045368790
0.42256452056783111448
0.42302034808210497996
0.42254148197159346889
0.42274050559548392858
0.42342560816981711369
9
0.36089104481427514148
0.36064373878650601846
0.36101981156489315605
0.36051285763580953603
0.36060580213616189038
0.36097345078454456946
0.36015402353862557838
0.36047989511887057468
0.36077406557143576471
0.36091026683231841599
0.36053237928270220891
0.36077226768615655583
0.36093620669645887222
0.36111948043252650731
0.36077545483949735594
0.36048304949905429773
0.36073480107565170094
0.36073504627121111277
10
0.30256716196397848151
0.30219879598781695940
0.30224655362611496656
0.30267011370224539135
0.30225789075604447831
0.30273394846987966567
0.30259118987353073038
0.30220239921969604957
0.30217712059702295235
0.30273143313115835618
0.30283664388059772232
0.30299726092247070142
0.30264778685822069093
0.30261803691515043457
0.30267351756297611320
0.30215833663877067483
0.30294095710235813268
0.30272573834602067855
11
0.24777835498148104154
0.24829423165855524225
0.24866830426661057363
0.24810782954277676993
0.24835231541738489458
0.24842387254013331699
0.24825863219127508597
0.24802859772174135067
0.24802241491199239487
0.24856144776185795653
0.24874168189339629365
0.24867601952957596456
0.24884348372013576078
0.24834263607867668178
0.24856502507007494085
0.24838756907680226149
0.24894589746447592926
0.24912993052509324610
12
0.19919455132953489684
0.19972528224432439803
0.19904295397612059570
0.19851112488600841655
0.19895081950404236437
0.19876812324600501292
0.19867515493199727761
0.19914844039306989210
0.19863376947336075506
0.19891844571873151803
0.19924809561597300878
0.19920683196926503022
0.19939083371589028104
0.19900891870637504866
0.19884678940639588518
0.19898152245203593047
0.19900205407625681797
0.19938734051630757627
13
0.15525320057091263060
0.15523687781643402683
0.15526804310422892552
0.15500908025607906815
0.15474698405753928299
0.15520975926572344594
0.15523485343951215487
0.15520258467096958999
0.15503295366208136308
0.15528152203037393075
0.15521700079477074308
0.15545607223335988767
0.15496512124118522191
0.15476488320231096552
0.15455341402484867874
0.15528009493277394881
0.15498763326874631652
0.15496900346141107008
14
0.11732815499702098361
0.11780165080153737200
0.11774071312932576916
0.11671544450605830789
0.11687506325373508975
0.11782344188964666287
0.11764367473292003385
0.11761149346866550669
0.11675501452404857261
0.11749256841978183985
0.11724127094429592777
0.11722539441864887610
0.11707953980186258658
0.11693244014136128239
0.11684518718778336144
0.11725383269811073816
0.11699967505633535048
0.11735888232460323088
15
0.08623240636097684320
0.08621291493169269682
0.08597416091715326392
0.08550142222534373726
0.08580020463403204012
0.08581939531498283813
0.08543933285520211030
0.08595177054373304149
0.08562812600009139796
0.08573847439434911788
0.08584264354658566187
0.08574824879963527380
0.08559158277594147712
0.08553858399168356996
0.08578709355734692732
0.08585700134817464413
0.08608126766829504728
0.08540020238219792059
16
0.06070778851406644083
0.06029664848220483986
0.06019820404020470583
0.06004267398578788661
0.06015116880353488238
0.06016009936709487693
0.06029418729566149437
0.06053260576084240618
0.06051311999149200371
0.06030412262633244591
0.06038356561853308602
0.06033922041809913761
0.06035423049976995635
0.06041768885249165777
0.06012675478648199512
0.06048984063127416100
0.06036921741205791836
0.06047358772635946789
17
0.04086776722372309489
0.04086501525692964876
0.04097240483647579534
0.04071006484785699708
0.04082080921085318170
0.04073729521948743493
0.04090731484808107776
0.04104066763342306690
0.04124718127291415737
0.04054863621937010443
0.04075513079459014421
0.04092295215482999460
0.04083414350794989378
0.04086332801077907639
0.04073765547683660948
0.04064270670222935866
0.04085747954296559126
0.04059062681567937592
18
0.02642151994859509578
0.02654770600906164457
0.02659320451044300260
0.02659205713341228350
0.02678233930927309547
0.02641847137491049047
0.02651797608121464478
0.02662086607121993964
0.02651911327785805295
0.02642964054512786376
0.02669818859234618369
0.02663338280618532394
0.02677129490584528870
0.02647001156355677232
0.02621939047274046697
0.02666409966007277088
0.02646529851538170774
0.02645598969447926496
19
0.01636237588000910570
0.01628710828869084359
0.01646742335456574668
0.01656668124111349005
0.01659183925943974458
0.01654328243364922013
0.01663688395915041696
0.01671984229806833255
0.01653632190360465604
0.01646008452124947397
0.01641753551267277622
0.01645428687205674478
0.01653691198074935809
0.01657715557307359866
0.01650188191950874295
0.01641249837954317226
0.01673589811207887301
0.01645815305877773582
20
0.00970054436575995549
0.00980332551013352038
0.00976448893979131594
0.00982822732476518190
0.00990723648853886196
0.00980428658056220481
0.00994487981455127734
0.01008835926564599639
0.00976175108663601687
0.00996055498254466709
0.00981449905635534137
0.00987547045616476993
0.00977977968858867452
0.00983842182849958835
0.00992527922520880512
0.00988116815570339035
0.01009306087216477188
0.00983510008279753212
