1
0.87508293244115231690
0.87498749562424982251
0.87498250692728185562
0.87506251247188471254
0.87504206084232050156
0.87508328509674382367
0.87497219068951415100
0.87499012421981336995
0.87495402372067143659
0.87501290179321244977
0.87494715892200247698
0.87497603915790467255
0.87495722599308156653
0.87517902448413364969
0.87498321962265390717
0.87505626528733448932
0.87496758847312194884
0.87504734456114574570
2
0.75409230890898304445
0.75370848449472072073
0.75374174567122398383
0.75382501688760039649
0.75387553655737615799
0.75372771205455812993
0.75377418546423924361
0.75382323517266569546
0.75390022536336254166
0.75395154962513299957
0.75374817367369528753
0.75378881998588320723
0.75384904933814200767
0.75382501764089926422
0.75411767974670196324
0.75381595047802041343
0.75385764073974237398
0.75374556612824128443
3
0.63746081134207743801
0.63746262513063123301
0.63739318876737383057
0.63744666842625807845
0.63753771056150898566
0.63755501913709111683
0.63740051903929728638
0.63743649430815407797
0.63751145916441354089
0.63753032058261915882
0.63748963945596770486
0.63755113698350607265
0.63740370715400751500
0.63752880285598190202
0.63760514791828515335
0.63757838089221208211
0.63752522914014719824
0.63750848954777894484
4
0.52745816636074316364
0.52717525493985717411
0.52724584562808574084
0.52716148305144450159
0.52734711248016519214
0.52717074406084130089
0.52730948882144335066
0.52723703970762092474
0.52745424151317443773
0.52725737775875880509
0.52754304292901976758
0.52754938216252422745
0.52781150775550245147
0.52721442509817151301
0.52761379162830102096
0.52733759542221059213
0.52746709801972879728
0.52792078362852590256
5
0.42488213256295204179
0.42468915110518878908
0.42470651138510651101
0.42518737730631928073
0.42481759247606498686
0.42480336623341719005
0.42436760500044556910
0.42476078408723927371
0.42504220763465450084
0.42473659274381436735
0.42464858714518682881
0.42470704092435240806
0.42540120474907916481
0.42514873402331521124
0.42459081518416774692
0.42486379057324707986
0.42476723503092506107
0.42479354131094970715
6
0.33120876319306957747
0.33138485703217279710
0.33186861233497833013
0.33135101276209688592
0.33153020471064842400
0.33142875404384908311
0.33131166722457516816
0.33116501707600887183
0.33160700929800746017
0.33171112990338291748
0.33189378830082816307
0.33108403877140057947
0.33149458838617174017
0.33129114228778533402
0.33152640608962913316
0.33158873642140040960
0.33111831154096671437
0.33155357315220757020
7
0.24889128909706270676
0.24886048448169229008
0.24967353334611885884
0.24866645969956913120
0.24887921579431804275
0.24930440574059697934
0.24930004792464655061
0.24930639747827310071
0.24947801258413715431
0.24938768861930260545
0.24975984831956843379
0.24902264149413100291
0.24918476579698345397
0.24968854602690970790
0.24910478343898923015
0.24846284532527163069
0.24950685154392771015
0.24960341580183542654
8
0.17892492456789321764
0.17881137969432103763
0.17896180830488983560
0.17868220072124740838
0.17871968717780162272
0.17888036859687572733
0.17880793179247100877
0.17884638566385757663
0.17849398411866479464
0.17914110993473031375
0.17928261479036600168
0.17928605851617718248
0.17884150135811216487
0.17878904938629291976
0.17889503731424172273
0.17910687902822108875
0.17911409789116350399
0.17929414128335918743
9
0.12205469279921987713
0.12234417330378333233
0.12252352205438843402
0.12181808729398757585
0.12176112608310829533
0.12217196953377362778
0.12190533592686958464
0.12156049413949432392
0.12160289041550254030
0.12227118773793010931
0.12235746485132925621
0.12227898142394211245
0.12203223225230508397
0.12174358280762431761
0.12126529260787866082
0.12205304406549188911
0.12213480449347136059
0.12184258945074488700
10
0.07836267270080332636
0.07902333916433301741
0.07871746492679498886
0.07810267858789099460
0.07869939833639172377
0.07878565670988690872
0.07831491870564621927
0.07884966838614593243
0.07840293318189672789
0.07836200761309086715
0.07851024833187580931
0.07822234250384429988
0.07868767033882673179
0.07843500820744464530
0.07808670031031561543
0.07855609971849930595
0.07860977151397097185
0.07830080231943392644
11
0.04746695999574790381
0.04760121510700754399
0.04738835266465057927
0.04706066213957493805
0.04724075758690193805
0.04712256306798534577
0.04740413330602566422
0.04741393352752087953
0.04722879315713190973
0.04744842322484676966
0.04763838506394624250
0.04756786122538703143
0.04749612950826320734
0.04750306989453578765
0.04723730813065096790
0.04723807033928006938
0.04717268957374198823
0.04706901651541761655
12
0.02669217250741851011
0.02666486275509860615
0.02683310399056415552
0.02650907311017591805
0.02687853947966123425
0.02676053349777163248
0.02681472559906294961
0.02680637549674147468
0.02667963126804895335
0.02696416370263965412
0.02669254624228678541
0.02686662327794520078
0.02686849110258082707
0.02709135981195665011
0.02662091789555653953
0.02669687794119512958
0.02656329821697800408
0.02662073358475047780
13
0.01389227452270447305
0.01390626876657008459
0.01421654902676727783
0.01413024853928868119
0.01424279446848919495
0.01410324462371104204
0.01408942825559966749
0.01427311389234764416
0.01409293028720026708
0.01411742436565943670
0.01424803328050372464
0.01429603881617913519
0.01435530069014734345
0.01421324500699905347
0.01402294326418751513
0.01419284013348598439
0.01409389951858286416
0.01404782412534355540
14
0.00686394679026025578
0.00685349443997751440
0.00694067772204520761
0.00690418827473748831
0.00701483876118447203
0.00700556731590551429
0.00695803530536587278
0.00703356717655412300
0.00687874815999645062
0.00697953942149842632
0.00703297698444682595
0.00701897862868661182
0.00710060793134548174
0.00695921589656511852
0.00694817665973512799
0.00709962349277959426
0.00694502096733762286
0.00698189632315926456
15
0.00314765655294924063
0.00320648154239655536
0.00313811931751684092
0.00314447666055461816
0.00315520997417972904
0.00318243593610723075
0.00313732182849080221
0.00317865753952284447
0.00313890992261578461
0.00313891242585850883
0.00318680604482379781
0.00321423217270377926
0.00321105014317846216
0.00319455760939280076
0.00325218486858891431
0.00320846937032148727
0.00324522640333269052
0.00314527100848038810
16
0.00131187409843613878
0.00136812430158250731
0.00136513195343490601
0.00134718076709217094
0.00136712648985826135
0.00137191252275115083
0.00134458910739021498
0.00137490538038587129
0.00137310950283653366
0.00135176835388051142
0.00140761413797418911
0.00142237283423662930
0.00137988912953346254
0.00135176727393004903
0.00135755182894004012
0.00141858220866641904
0.00137450647987336083
0.00134358884224061725
17
0.00055469181322853611
0.00057067357471529689
0.00055009612689949083
0.00055988545635066167
0.00057546795498997216
0.00055109535448805147
0.00054390324638875498
0.00050834054298687370
0.00053491296570262747
0.00055269336572072447
0.00055489114758722202
0.00055988545635066167
0.00054929744696619043
0.00052951935474199185
0.00054630073645656196
0.00055109535448805147
0.00056907505814185466
0.00051892953392695951
18
0.00020795641233595230
0.00022175059396767338
0.00020715699420803535
0.00019995944822392975
0.00022135068306783356
0.00020315851503127647
0.00019576127841913760
0.00020775662041760956
0.00020835645350125720
0.00020555744960792932
0.00020635699520221706
0.00021095523529901516
0.00020155904320240392
0.00021375400013912138
0.00021235468351055165
0.00020455786108064533
0.00022195054941753778
0.00021375400013912138
19
0.00006619549870612307
0.00007819374450046546
0.00007299454000841976
0.00006699544430976978
0.00008539257084638763
0.00007759382353167421
0.00006939515621806613
0.00007699397907079408
0.00008099332614996957
0.00007879371226171550
0.00007579414869174350
0.00007979352076614710
0.00006819530816282171
0.00006939515621806613
0.00007359448041399652
0.00008299299539116234
0.00007759385456673762
0.00007019501615390666
20
0.00002339941501461329
0.00002459935549692371
0.00002619927166025438
0.00002879911874698049
0.00002699924942084486
0.00002639925554104305
0.00001979956836939412
0.00002339941033491222
0.00002499932501820457
0.00002759920514283642
0.00002119949969181523
0.00003439878228306270
0.00002419939501507873
0.00002359935337770125
0.00002219949829129764
0.00003239887251926810
0.00002399940481478957
0.00002739917254501734
