1
0.94121139724294855533
0.94123348516955307463
0.94123847229570845041
0.94117733078326870633
0.94120540582898071236
0.94122887507177133148
0.94116150484393790165
0.94121649593037104431
0.94117748510360987879
0.94119865460640095289
0.94123137707554027642
0.94119908127092544170
0.94123007291020666099
0.94119780886571224876
0.94121433270754817357
0.94124336329099211884
0.94122646404936827214
0.94120844765938604937
2
0.88279904240273543437
0.88267366995352469772
0.88276947219192791749
0.88267802925033245209
0.88275071000293359180
0.88263442932411062536
0.88257041933484237095
0.88269037465566402290
0.88270342465346907090
0.88273676298839010013
0.88267921298040685762
0.88265386492561337395
0.88283025890148891790
0.88265682817902768598
0.88275002262924107121
0.88272028187658579945
0.88271787203349572071
0.88278552181120717446
3
0.82477053886472240229
0.82444840129787355654
0.82453868588599710243
0.82469241238058399457
0.82476293588975602145
0.82463410710229123612
0.82453452097680191013
0.82470359838564666344
0.82457215877212886035
0.82474417561919977082
0.82457462872989273350
0.82483032634272324124
0.82466475037004483006
0.82469025673365337070
0.82461935048293499850
0.82476469237068528173
0.82475481017185758859
0.82469766752229378692
4
0.76721303751466729537
0.76710457501361506427
0.76727729963634772048
0.76725508115600982162
0.76722239349474374848
0.76708138275715342935
0.76714871820569008332
0.76708110065129686550
0.76687337991666659764
0.76714254019071570490
0.76724388143761856895
0.76720523713512633890
0.76726417055467155404
0.76715082191053562966
0.76720939590734804625
0.76702744471516881575
0.76735484471942472240
0.76718076847249538908
5
0.71033717370009097358
0.71021389910674059820
0.71017681982147840003
0.71032306946991830010
0.71032983267216165402
0.71029691992566923453
0.71051887308329630955
0.71013051305234875521
0.71016674734653473244
0.71042438373001015606
0.71042437456190854483
0.71002071900305208096
0.71015442438192943886
0.71021473129189827134
0.71037580736299410500
0.71046476062220409453
0.71032892645494860595
0.71038271908356831474
6
0.65411118439339221986
0.65423506985066981478
0.65413995102211575094
0.65414844116872550295
0.65394241634099214977
0.65417659841664221876
0.65444652582612250491
0.65409195319758117737
0.65418898788065016348
0.65390447620813696439
0.65430339299497686234
0.65409886895977664700
0.65426043719277182653
0.65422045724190414084
0.65417435004036128543
0.65406878696919934502
0.65433235882809381856
0.65411451293126710027
7
0.59895532800842898880
0.59888055720237165502
0.59914508974168612099
0.59899530760724539746
0.59919059041720368342
0.59897631588571931260
0.59913853370823988431
0.59918853411238170992
0.59892388176480371165
0.59880023738163812297
0.59918173835347543488
0.59884901898645315210
0.59911969998795755465
0.59888266471285289683
0.59905161386343142027
0.59918625287453253225
0.59905031151754895014
0.59912677052535434630
8
0.54467328838534667668
0.54454554207543282018
0.54530588548872138688
0.54497335959258064175
0.54462338494078932349
0.54504884531715691587
0.54454340996227912353
0.54500901062893869486
0.54493795146642631799
0.54513173830664973796
0.54478213166757816222
0.54506862357247287676
0.54482026566988495109
0.54462322717481304046
0.54509726534694102895
0.54471224533856554828
0.54528239787898180602
0.54467086716310220140
9
0.49248390161511668150
0.49238698445762496547
0.49192925673520493390
0.49207650778371192501
0.49180496156120523388
0.49211659562235676724
0.49167383066821634952
0.49194717234506246673
0.49209188327558761600
0.49203171748881202596
0.49234601153144341712
0.49161346579560538661
0.49251104675032442159
0.49187829732348342660
0.49237466750593916753
0.49193860270739386831
0.49213475271313933401
0.49210276778209205428
10
0.44074237542777561227
0.44020428480389939274
0.44101396367802536691
0.44066372105620010835
0.44068178083468245720
0.44065497420919630400
0.44046014236906516626
0.44074046276853773296
0.44068602210606655500
0.44084301950101578704
0.44037508240463729692
0.44060267134172914627
0.44083095071782651964
0.44031122240695663717
0.44101361509779557490
0.44013727811976000037
0.44066617460274493112
0.44089935444106354012
11
0.39131485953279365742
0.39068516788742790879
0.39096406682281503731
0.39105633875718470716
0.39084448400427818093
0.39116563443044682913
0.39051437091675755831
0.39135807759052199106
0.39103411578391356063
0.39122360304636027983
0.39100682083176363513
0.39100286301218700746
0.39029592050255124125
0.39086338137950682459
0.39077107757271989374
0.39042119146132625573
0.39076812365542656913
0.39088648619806354301
12
0.34284955747560008632
0.34295003836510884465
0.34286531759787741702
0.34277358139632707612
0.34235398443328379781
0.34249875272237906287
0.34274693112724585742
0.34273980151311478348
0.34287702549699794474
0.34269280502034760172
0.34300536802853032192
0.34304162387139724988
0.34281949961831015283
0.34190232005338483390
0.34275362490295779860
0.34289139880558894280
0.34271716445653610528
0.34323575010465523505
13
0.29703334725203967004
0.29717241840751995596
0.29715898228844528361
0.29649774767169356782
0.29595412560739653429
0.29767911597677854108
0.29678893373022485758
0.29697829341327885988
0.29698244499076587033
0.29688889301380083641
0.29741137462961375615
0.29702862972286947496
0.29720165994980340951
0.29690820343040480456
0.29733139753282400441
0.29682207939619098536
0.29680499706346297195
0.29729880905082584075
14
0.25373133882825216201
0.25366230831291480818
0.25387194685194469645
0.25316690333769631405
0.25376972169563372095
0.25348186628600277714
0.25370118619457693310
0.25378282770017712711
0.25370222437951472916
0.25358056472156242922
0.25351504134324021056
0.25381192915828265644
0.25377425228344574482
0.25334102887845388885
0.25351615581893438556
0.25324442182277850932
0.25301229478807119033
0.25417437848971180525
15
0.21278295459107721133
0.21319448444031952050
0.21335444055632701854
0.21264021469049509960
0.21290715821441175137
0.21249071528967355960
0.21262009483180821512
0.21263054360025146483
0.21253208334101114652
0.21302546753651274702
0.21269887957916666643
0.21328926926421043486
0.21259612995153698289
0.21262858329759992682
0.21314863765614444624
0.21287304997676403939
0.21272163210601657823
0.21290894971966256577
16
0.17579783766266199319
0.17589383164606242627
0.17604712602688976641
0.17469638390787256554
0.17564882863300512739
0.17515253445996159520
0.17490780034874897630
0.17466412617839133237
0.17541842467036605768
0.17607761721043457825
0.17561863527208243507
0.17527300042159932314
0.17537868573845882825
0.17510966884052114878
0.17563985843464968717
0.17506889806649850172
0.17537980265896491172
0.17511787131960943054
17
0.14152535781559294481
0.14215476523401104902
0.14149553433071793140
0.14137140091876421177
0.14095376982310037217
0.14145941845382803415
0.14175651018646140411
0.14093692212085495719
0.14180752715228106542
0.14186347257703679769
0.14190053663652513194
0.14187309431924788328
0.14175042019806982641
0.14108053462422820434
0.14135535304192048400
0.14168132242584352554
0.14152746994451359530
0.14204434213061789549
18
0.11153180966142872688
0.11187537012505122114
0.11189786856127881265
0.11156963851653900477
0.11161695469723831309
0.11152586983237722240
0.11167545247146393184
0.11125066411608175443
0.11142343496367690392
0.11121488150384983840
0.11162603106635693440
0.11188479543922147386
0.11149908875601688418
0.11157484790651239770
0.11151436383476986958
0.11163056877149180046
0.11127376737077909752
0.11149289152162578098
19
0.08567743601315591651
0.08591453793346526258
0.08554780895256619555
0.08528967862676839484
0.08586961450086372238
0.08598619111251670777
0.08625494997349236748
0.08514615761393518056
0.08582951257153581537
0.08591754590558609017
0.08599000258664102336
0.08579848604996387351
0.08590668369070653121
0.08598615967557721174
0.08593534766984600726
0.08592956188700284770
0.08553325849362969358
0.08606530333663631183
20
0.06392929320349449718
0.06471938006768795937
0.06440926674015401421
0.06362530764479767953
0.06434951741183492224
0.06423719373474245931
0.06412785178219537752
0.06416223205141258212
0.06418982212364221507
0.06407436164485713626
0.06416754182266160011
0.06435041693355991743
0.06448418879483241994
0.06418963496220553289
0.06382746473730904757
0.06390659454018998709
0.06402059896874123801
0.06429227223917510781
