1
0.74984406529810354591
0.75005038984140792735
0.75001247437752849301
0.75004497940595593608
0.74998091104255815154
0.75011971764327711742
0.74995856813473993352
0.75009991005595966218
0.75003433278439213261
0.74999403735779091029
0.75001916103130694680
0.75002947152530718977
0.74995541705086021800
0.74996105643453969680
0.74988279507777344524
0.74986500214165585643
0.75012421325359168733
0.75019809291232053550
2
0.52925341112325008375
0.52966023132245876326
0.52935723106230359036
0.52955557123703345113
0.52940077483205727482
0.52914861422814674086
0.52950886852080913947
0.52911358286666931861
0.52939949033974997850
0.52972508951447783154
0.52940493831064694419
0.52932329411498912908
0.52956486640585742620
0.52979204677102087473
0.52976404881349148379
0.52939541535222911506
0.52931753409505433172
0.52976944412364279646
3
0.34624828308489685735
0.34619053490876938728
0.34607967651352766758
0.34649611616262154801
0.34604268351539058113
0.34631208891201492595
0.34630089325368140774
0.34603426099662792925
0.34629794217248155430
0.34626708775774228677
0.34613440623065783175
0.34592094882238999531
0.34635446999892405273
0.34643906014799752402
0.34626490564449041720
0.34566963684548501767
0.34624170119381469934
0.34635934063894135981
4
0.20591664797924968955
0.20587124448795557363
0.20600554811230309404
0.20572324061740721035
0.20586982904124506710
0.20611384066650828562
0.20570945461321477055
0.20556479395060078819
0.20557198873374427084
0.20576531549927712383
0.20608409152257101127
0.20588001262332877861
0.20574222723769330923
0.20596605346071750198
0.20593320122184599619
0.20558590569861712183
0.20605062347244174070
0.20582221034838654727
5
0.10925481906214917771
0.10979661701349585634
0.10938557604205412233
0.10900325124583565284
0.10952977482505821261
0.10954626761049990336
0.10940524681220642478
0.10917659978901750328
0.10947934117157587242
0.10952612729962607485
0.10971686865406315992
0.10968104151627700027
0.10968133905297550168
0.10962091420864317204
0.10918007201383972404
0.10959998447143304290
0.10949736331285242485
0.10951564081722209298
6
0.05175985714199016208
0.05187421637435329913
0.05175177445654954855
0.05152205010730126489
0.05177640137909589324
0.05165157623948590793
0.05186845327411437889
0.05189722873463220587
0.05183233364875705629
0.05162242615274248436
0.05177605154696063305
0.05193154572009062164
0.05214469110563801912
0.05180029792410800749
0.05162730257686032331
0.05192149837300308324
0.05146664066421591244
0.05144271739600592142
7
0.02160950227935498624
0.02183803101670245272
0.02162500944131295899
0.02163611726664804724
0.02183631304577826615
0.02182693201214891410
0.02178904467211961737
0.02171477541533051170
0.02185794915344752010
0.02172264433794701688
0.02180224965738652987
0.02179745675469568766
0.02181565845878874477
0.02184455003302254728
0.02161409281587456377
0.02180512025918235341
0.02175728746654170820
0.02167037094504786765
8
0.00801798580990698007
0.00809945338410267279
0.00802782758026188148
0.00808765327519411770
0.00818996237671565375
0.00815553378348488067
0.00807860140725813469
0.00820570598864989176
0.00817304917100147854
0.00809985175069283247
0.00815376787430532879
0.00810870163370247532
0.00808726132352477478
0.00809394852367772977
0.00809414690476895071
0.00809493400560667986
0.00805577262588708098
0.00802920678277618816
9
0.00259265908637540399
0.00264816646985610582
0.00262827292388179146
0.00263762138134926438
0.00269432048491391463
0.00262011695276509471
0.00265711930846679323
0.00264916065031994830
0.00263165558723643667
0.00266328476841271033
0.00265910921935563760
0.00263901558136236947
0.00267442665283179615
0.00266010178439846090
0.00262130857974385290
0.00272515270269402254
0.00258669012581358437
0.00266030125213878588
10
0.00078278660841368808
0.00078358488586460773
0.00076880801782630570
0.00078138879768241409
0.00079137307425058978
0.00074963747204093156
0.00077160370465700900
0.00077859269769575690
0.00078019020333708333
0.00075662632591966261
0.00080934378405983498
0.00079955971258216518
0.00076940724865559584
0.00075343131004712571
0.00078697985987041807
0.00079197164969313505
0.00076341644446986656
0.00077899223026189901
11
0.00020435818831465724
0.00019796064542365599
0.00019316264234492397
0.00020315847440788293
0.00018176680938064571
0.00020255875903663068
0.00017756832181137217
0.00020315859627806354
0.00019836060558375834
0.00019916020779053856
0.00021215481102521139
0.00020775666196026776
0.00019616143466194558
0.00020155928502441078
0.00019876044667110904
0.00020535773737762053
0.00020855637000738447
0.00019856052616740172
12
0.00003999836806656276
0.00004299814248021061
0.00004919754012300270
0.00004079831910930309
0.00004299809088481599
0.00004319811656217087
0.00004179823611438760
0.00004739772490924832
0.00004839760915809066
0.00004159826119265464
0.00004719775338690724
0.00005319713799400994
0.00004139826955229520
0.00004179823611438760
0.00004399806408517115
0.00004379807288479309
0.00004799768651153613
0.00004399802888832571
13
0.00001079987904140101
0.00000779993448052352
0.00001039988352125043
0.00000819992784062418
0.00000779993604049789
0.00001139986776155233
0.00000739994524046050
0.00000839992776058285
0.00000679994968033615
0.00000879991200086749
0.00001099987460140284
0.00001239983880207962
0.00000919991168080170
0.00000779993760047226
0.00000999989600103390
0.00001019989188111303
0.00000999989600103390
0.00000679995240038256
14
0.00000079999888003002
0.00000199999479999491
0.00000339998640008776
0.00000219999383999081
0.00000279998936003611
0.00000179999640004258
0.00000139999692005954
0.00000239999135998037
0.00000199999560002162
0.00000179999640004258
0.00000159999647997289
0.00000179999532001762
0.00000119999759995437
0.00000059999928003762
0.00000139999776005428
0.00000199999439998155
0.00000099999860003752
0.00000319998848008485
15
0.00000039999975998128
0.00000000000000000000
0.00000039999951995107
0.00000019999996003772
0.00000039999951995107
0.00000039999959999815
0.00000000000000000000
0.00000000000000000000
0.00000019999975997553
0.00000039999944001501
0.00000000000000000000
0.00000019999975997553
0.00000059999928003762
0.00000000000000000000
0.00000039999951995107
0.00000019999984002261
0.00000059999928003762
0.00000019999987999064
16
0.00000019999972000750
0.00000000000000000000
0.00000000000000000000
0.00000000000000000000
0.00000000000000000000
0.00000000000000000000
0.00000000000000000000
0.00000000000000000000
0.00000019999975997553
0.00000019999984002261
0.00000000000000000000
0.00000000000000000000
0.00000000000000000000
0.00000000000000000000
0.00000000000000000000
0.00000000000000000000
0.00000019999980005458
0.00000000000000000000
17
0.00000000000000000000
0.00000000000000000000
0.00000000000000000000
0.00000000000000000000
0.00000000000000000000
0.00000000000000000000
0.00000000000000000000
0.00000000000000000000
0.00000000000000000000
0.00000000000000000000
0.00000000000000000000
0.00000000000000000000
0.00000000000000000000
0.00000000000000000000
0.00000000000000000000
0.00000000000000000000
0.00000000000000000000
0.00000000000000000000
18
0.00000000000000000000
0.00000000000000000000
0.00000000000000000000
0.00000000000000000000
0.00000000000000000000
0.00000000000000000000
0.00000000000000000000
0.00000000000000000000
0.00000000000000000000
0.00000000000000000000
0.00000000000000000000
0.00000000000000000000
0.00000000000000000000
0.00000000000000000000
0.00000000000000000000
0.00000000000000000000
0.00000000000000000000
0.00000000000000000000
19
0.00000000000000000000
0.00000000000000000000
0.00000000000000000000
0.00000000000000000000
0.00000000000000000000
0.00000000000000000000
0.00000000000000000000
0.00000000000000000000
0.00000000000000000000
0.00000000000000000000
0.00000000000000000000
0.00000000000000000000
0.00000000000000000000
0.00000000000000000000
0.00000000000000000000
0.00000000000000000000
0.00000000000000000000
0.00000000000000000000
20
0.00000000000000000000
0.00000000000000000000
0.00000000000000000000
0.00000000000000000000
0.00000000000000000000
0.00000000000000000000
0.00000000000000000000
0.00000000000000000000
0.00000000000000000000
0.00000000000000000000
0.00000000000000000000
0.00000000000000000000
0.00000000000000000000
0.00000000000000000000
0.00000000000000000000
0.00000000000000000000
0.00000000000000000000
0.00000000000000000000
