1
0.94447699141515450982
0.94450019091934322990
0.94445089060998299590
0.94449837537309444535
0.94447461385453224114
0.94448413335435232874
0.94443127156865458449
0.94448180880398813208
0.94444951311775859892
0.94449383259872776719
0.94444892556444892673
0.94442042295124395412
0.94447392693837106670
0.94446842976366440769
0.94446902553879508169
0.94444972727538056834
0.94446702106851243563
0.94445893264042668491
2
0.88912964504840785729
0.88917872586590185335
0.88924081259923604126
0.88921262921710098048
0.88917984100147362536
0.88927727950964197134
0.88917840654982083226
0.88919531794466399877
0.88916001083748863465
0.88919792075064585379
0.88920836266633673795
0.88916511159776490114
0.88920243117295183488
0.88928117299576325827
0.88911609243413747272
0.88917262661066220897
0.88913144706049829225
0.88918400168369360337
3
0.83429173981440618579
0.83420318064554632720
0.83418019683864008673
0.83433030025307697297
0.83424190282793475593
0.83429194850418886276
0.83418106571388472847
0.83416247106094243424
0.83414492837848697171
0.83416123879382331197
0.83415105124806754322
0.83427854186387517821
0.83426720411802079980
0.83430211325697889446
0.83426776445003869576
0.83448641635527787130
0.83433198564612565118
0.83432099518964453200
4
0.77983616206324080089
0.77976818765712430093
0.77981375072870595666
0.77977422114337102688
0.77971770488366876073
0.77977887698393788529
0.77955453288515330623
0.77962470285714635665
0.77971275529789407788
0.77948503789238632322
0.77969158603016375242
0.77973347413935978345
0.77985763754189363350
0.77975788088755959571
0.77979759535595172260
0.77965215822428657333
0.77992662228345932540
0.77969987115531824706
5
0.72576535537271302800
0.72579445645677043153
0.72583375943302463895
0.72567494471120097543
0.72566858243192178257
0.72586171873051053005
0.72586380793288096669
0.72566264762766963248
0.72594304858796632196
0.72561469268781708664
0.72583902102675945667
0.72579650157198005722
0.72565703304793083284
0.72586475482706547258
0.72598704456822638065
0.72575085516299930877
0.72582770083351599855
0.72606120653396089004
6
0.67279381450045483426
0.67247687738195049967
0.67261346256620235806
0.67246619281306385663
0.67270934078752331331
0.67217587667950684516
0.67247518248682003339
0.67262889602324382743
0.67240007571483395576
0.67246155832546539166
0.67234999067181355770
0.67273956699691794814
0.67247205010281740911
0.67242196673199439161
0.67234515965162722217
0.67280700422654393655
0.67248387246374985438
0.67267870186597833460
7
0.61996309085229273084
0.61983593355105048861
0.61998823028959215709
0.61997146748631137836
0.61979647425527151228
0.61965420827771411361
0.61993144027491997594
0.61973232833251423735
0.62015742028194775770
0.61983284070064725846
0.62005194037799027384
0.61990064062629346431
0.62017151210755028234
0.62004698494285703791
0.62034165275473041046
0.62008920294810421225
0.62034158737573508180
0.62012917871647121881
8
0.56826021024316752950
0.56834310459290926509
0.56876142565231657677
0.56834127857652272375
0.56829003202074690471
0.56820133741676115413
0.56829979775737238246
0.56819544552192957632
0.56889259180893625434
0.56808247334337802492
0.56829131114779285472
0.56797203158534781409
0.56822663031599818240
0.56830128867065310416
0.56851806961813133867
0.56839895832371223339
0.56852101118512787803
0.56828694999499651530
9
0.51797971353387395332
0.51768389863583863519
0.51770502378964866619
0.51776581646022734606
0.51755783098549956733
0.51713147525785141401
0.51760889435512391632
0.51779790614684206851
0.51765086313345842761
0.51750577906528472116
0.51756974410685852028
0.51795183073888995118
0.51758938644318353006
0.51777944347207505160
0.51777484263809581133
0.51794881336999876176
0.51766938218370017744
0.51776605929041075171
10
0.46842000570065356335
0.46800542505811226768
0.46840016807030038226
0.46827109580537817912
0.46812029187390002960
0.46805517492016590619
0.46797525365830194843
0.46829603862120483537
0.46831604689785244489
0.46864713685104097962
0.46838931609046552396
0.46810547451564432642
0.46848741327057241701
0.46802014157235305447
0.46804742157197876118
0.46849956741257658965
0.46840807397536354806
0.46851102965406077328
11
0.42027209358923089955
0.41992222100663945117
0.42042343804335224888
0.42003902665576497988
0.41955600525695568859
0.41991278056302927535
0.41986104075328800622
0.41999933416056733915
0.41989198408186467759
0.42043566485556926882
0.42047370403639416914
0.42018062736123817924
0.42033968728773607459
0.41998283152271631558
0.41995755025825753926
0.41982912595854271487
0.41956768094302887562
0.41998801233381666265
12
0.37349480772018717190
0.37313956029338513076
0.37379954457775255161
0.37342761975653948614
0.37324647213609252194
0.37285356382846623902
0.37297089124091165058
0.37319574756787898817
0.37325860250986864219
0.37370816581622656738
0.37349432161335449631
0.37342703682729772030
0.37340456621645468083
0.37313512737557852361
0.37351923736895142891
0.37316585525222134567
0.37333019497785413510
0.37328559449394782543
13
0.32812488032253150916
0.32865802955965306431
0.32845488315545934288
0.32810357285442826036
0.32821912257297902737
0.32828026353936012871
0.32775081019277907401
0.32822977281188503440
0.32796973828113085148
0.32807481359828449818
0.32808425050732881179
0.32820824531201231444
0.32852161840470217591
0.32813011669679992277
0.32817669462118970181
0.32787275960319850476
0.32809409029026681548
0.32832917278949247386
14
0.28552364346629377501
0.28511562230846565491
0.28529571479805426737
0.28552174445483924359
0.28511151373525978059
0.28509329869379684830
0.28502286348857164278
0.28508575517053236226
0.28465107495267971682
0.28550250916626629394
0.28546207484738217453
0.28514540545192879062
0.28470856813905687233
0.28566260862011894073
0.28518499721580281570
0.28471452298422228466
0.28528412972295813521
0.28521655246120125593
15
0.24412966047746398335
0.24447714338212178653
0.24432162186262107451
0.24438408937279065825
0.24421443761602223965
0.24403389199598612969
0.24360984218562342640
0.24402108693545299101
0.24436665471257823512
0.24429421055415745379
0.24398065924176215447
0.24397784558438850855
0.24425598252966207458
0.24390128459351245738
0.24488083188577303151
0.24417041494180502514
0.24433993189102387600
0.24467458991207724495
16
0.20636672921536258762
0.20606516756341342056
0.20629806942108985801
0.20581043228402673417
0.20602397451534648631
0.20623069062340404489
0.20572382971956859610
0.20615082269551743277
0.20628012260727623950
0.20627167567202020493
0.20562463955311738317
0.20582522390503854570
0.20624732406878387714
0.20560971428562346830
0.20643242498577929478
0.20506474093609405873
0.20625060523270299928
0.20602797631429770053
17
0.17074749139279421506
0.17091045845022767580
0.17061081902847208269
0.17041772154628997971
0.17063794911740282068
0.17066405393454042727
0.17062248460720186305
0.17023930056043512504
0.17076745723785846653
0.17043522985096914990
0.17001536794934324348
0.17051582345102078708
0.17096990115170196400
0.17065071047652446978
0.17055478924279354747
0.17065384612194833824
0.17079204924156676793
0.17081584310000341720
18
0.13848961831413952872
0.13941004646657317867
0.13859709904434502903
0.13820751456813029634
0.13888166508163901636
0.13853820306083475256
0.13867102107528717081
0.13820756221049235180
0.13891211904740585759
0.13898892380568128591
0.13918723631216300962
0.13863415032474246669
0.13868316393862545333
0.13853380330174747126
0.13825665362967798355
0.13834097537193867922
0.13907997904183011517
0.13850211092236697219
19
0.11044291777230796914
0.11046091890589804230
0.11003156350693998888
0.11025416947158306336
0.11012153026510274056
0.11011507599059000562
0.10991454315165849476
0.10974770315504589480
0.11021153767442026794
0.11033229865331461994
0.11036753831459888975
0.11010157280333465746
0.11047828736950304762
0.11054486601913349197
0.10995678855764567938
0.11018400453448962129
0.11031353892866369026
0.11002463265939277370
20
0.08543692836561334047
0.08572804676374490285
0.08589701681796846344
0.08523696398498692428
0.08500653212269004833
0.08569960994264980148
0.08511593277675644220
0.08481582226130257585
0.08548326384857407589
0.08592799510790127826
0.08552439419397750431
0.08532133571222244584
0.08550161600395356221
0.08568973522170975077
0.08570214910464946101
0.08544502047043500692
0.08511403296583053280
0.08545736789148583590
