1
0.93759682788201681447
0.93756670763164717819
0.93749196615495011820
0.93753199689204191891
0.93756295839090653121
0.93757788095682426110
0.93756500341625570449
0.93752947983846424140
0.93752383621838675243
0.93749725534822547779
0.93756625313133334920
0.93750736944345836044
0.93753519813504082592
0.93752266521512661601
0.93756640359271881113
0.93749578330928151626
0.93758286966351944702
0.93756192920052250361
2
0.87549542539158231591
0.87551145796046425662
0.87543827966746312619
0.87544315457250421186
0.87560131513268146808
0.87544380298292601150
0.87542370879689823671
0.87544084589798631946
0.87541077060715410951
0.87543292965223096225
0.87539242034175468454
0.87542296076459391596
0.87552821148788240180
0.87538091995032685233
0.87543733010433744113
0.87550304230664732774
0.87549907741099786129
0.87553771430534377274
3
0.81392806922053073659
0.81378132364480160188
0.81395571917192621747
0.81388631607503070242
0.81388866452142416552
0.81401414049924158967
0.81376027903168790534
0.81376266534423313814
0.81385457764077473453
0.81380988648998742185
0.81376700772121679517
0.81389154630975746318
0.81380858301126890453
0.81376714207932820955
0.81393831439864938737
0.81392359326199736902
0.81403741022799036564
0.81392335781567548558
4
0.75302875474604358264
0.75284298422600071099
0.75304923508775112317
0.75303985589387434363
0.75296311914507507712
0.75315843529366932607
0.75283816994965757630
0.75291897639927951591
0.75291344581235897238
0.75300849062443020454
0.75298249985808851648
0.75313009863187252435
0.75305337038058117738
0.75304474713792557417
0.75325502144336375920
0.75293433595175063289
0.75309954936250589341
0.75313661954376709406
5
0.69300111250167850674
0.69288968950435381178
0.69285344876464827202
0.69285441101870404168
0.69282626269986025136
0.69262027359478706146
0.69264710420324426821
0.69281961509837075575
0.69279776465041975619
0.69282197407308943049
0.69290017715960405820
0.69283865570822356084
0.69312206072544912949
0.69277150298211109813
0.69281259457524679846
0.69310002242823243179
0.69279361217539281448
0.69281936535141985800
6
0.63395381028811326196
0.63378309381175101933
0.63357096969795567709
0.63385854563780241744
0.63369317570336147760
0.63358534331113647298
0.63363865619059689394
0.63348846285141724444
0.63379184510755082194
0.63401532800831050807
0.63388763422306604323
0.63362058921675912249
0.63351913409729387894
0.63368213847990961796
0.63371285062273918776
0.63366106239253916499
0.63389234510510061860
0.63384987798423098049
7
0.57543067835736705362
0.57565026426772436530
0.57551826610626088954
0.57575712837472070582
0.57570463918899261735
0.57543602676448613042
0.57536472941211447285
0.57549797635883148672
0.57579361527481132121
0.57541798775201247196
0.57594045325492648768
0.57580262289407468934
0.57577818519991974533
0.57561238647006107705
0.57567174066576365377
0.57557440417933081189
0.57550013876883809871
0.57573830144317539315
8
0.51887554807226177189
0.51917692821802408076
0.51904201749703804403
0.51912166733749098846
0.51923365567389545561
0.51897348701018586326
0.51857944132559186112
0.51915551902424872388
0.51925371743753745424
0.51930284781899360702
0.51904826306412443770
0.51905357956857822721
0.51907976600757910202
0.51884781148714598231
0.51919676354485733150
0.51894724638573541675
0.51928440777123741068
0.51893100439773509613
9
0.46415387335830371462
0.46363963835624200094
0.46396019671787380734
0.46378644664501367245
0.46359220853286797759
0.46395279874196304615
0.46394206723978315132
0.46345119794034184135
0.46417989381134128202
0.46388763617500305969
0.46397499640327799497
0.46396694353092626795
0.46411602686318287336
0.46375056118413982009
0.46394804421220803281
0.46385785047187944041
0.46400757677677184621
0.46400056687209345618
10
0.41078957825336659404
0.41036280782838663317
0.41048979848333411180
0.41101834274053139495
0.41056013471280983218
0.41054372892034063369
0.41054889234673386245
0.40993708996602185035
0.41029537909285396236
0.41110376431369188843
0.41076745545938508908
0.41057791681829525210
0.41048333450843466075
0.41004788516621759609
0.41091437253526963413
0.41042816280548899410
0.41093023014706475671
0.41092452637239018642
11
0.35972471786949467010
0.35888226173666726293
0.35933953149865593968
0.35891119703396889840
0.35873490448952638499
0.35953262874363711710
0.35895335241084336264
0.35922807129060430054
0.35910774646199339344
0.35954209913499923790
0.35935713410780922850
0.35893125292326877318
0.35958914900053817743
0.35928764703681326242
0.35919721348524269455
0.35920614514951421103
0.35945324062846739643
0.35908244375222642120
12
0.31056201917819969971
0.31030372651881532597
0.31045543509080453237
0.31007960839085191296
0.31017879988206842334
0.31019497847882049335
0.30979631147309028005
0.30951787467859859238
0.31052546955190041267
0.31026330088773057536
0.31002439886352983756
0.31016479995298096295
0.31026234941508301635
0.30989469430265492722
0.31072093084489327275
0.31023431302896320449
0.31043546473669858532
0.30949792559657218760
13
0.26370814391649644026
0.26390083411629572385
0.26395303322200891483
0.26375548372115420470
0.26289666583767279384
0.26363914038011448948
0.26362305131194807561
0.26330302372188507665
0.26368313573814972095
0.26413881142737383190
0.26334716764862309279
0.26321136219661511735
0.26368003001824447118
0.26344688647224756561
0.26415671906254889478
0.26349498846267438434
0.26380824536225799815
0.26344008960084286386
14
0.22053586461054952572
0.22072416356645574442
0.22010814888159124791
0.22016173809969430408
0.21990711920700289905
0.22045965037061610037
0.21973637764419007290
0.22035334437206399727
0.22012488268754359932
0.22065626494874812646
0.21935904509691328546
0.22040978290019397345
0.22029125176506181294
0.22017346728222897401
0.22088278443358699832
0.22024789502567798660
0.22050895664417990982
0.22055006295604551170
15
0.18062847258923131477
0.18036916739804886856
0.18079668282567995519
0.18026983479529090637
0.18059690118755855615
0.18076214185662153877
0.18002348079594621133
0.18060349694505262175
0.18100882722594213714
0.18108161846742054646
0.18025031523442602843
0.18024862999381086048
0.18037057011669865858
0.18055998734788158977
0.18032012356808413411
0.18011246206389464053
0.18042969950539067270
0.18058402562863773433
16
0.14470821015020429723
0.14521490173163553727
0.14483701066641807564
0.14416990997029588417
0.14418682828481999003
0.14465849063478775083
0.14427778445239236582
0.14450662920752355145
0.14458898010403486989
0.14524558815560106861
0.14449584491184130908
0.14512248999966492757
0.14476099804783615355
0.14441364532937661647
0.14471123302555566337
0.14452255690490556361
0.14436825732123381716
0.14479110721897048286
17
0.11276485463482632809
0.11310681307937264783
0.11361763683938086444
0.11283553816874758446
0.11262325630923220032
0.11284728382987718742
0.11297549528254602347
0.11288269911425130587
0.11278474860570131266
0.11311686109459540006
0.11311011669314319228
0.11262187889835439947
0.11300700670264185455
0.11299058175283349659
0.11349741274840852157
0.11236626065245847172
0.11346685900831987581
0.11314511613238853460
18
0.08576034234874363449
0.08605561405795225660
0.08614342146122089261
0.08543852769067106223
0.08613266867339186561
0.08566553356629280636
0.08585484433607992738
0.08591293970189162188
0.08619354239725363076
0.08613752826797738127
0.08613061707906410902
0.08633485019505771074
0.08626765646809597676
0.08601912116910326311
0.08582237252882529699
0.08637932152877580982
0.08603992603527577110
0.08574969061849968543
19
0.06322779941298295459
0.06377333491617609429
0.06348406595608946379
0.06319960099885191251
0.06349386514788146751
0.06336661743736371477
0.06353467402301671285
0.06366449449791744541
0.06337537827805861390
0.06342447866179579119
0.06360991154698480976
0.06353786678558459577
0.06364698356291420556
0.06374459618192296340
0.06313713586548175272
0.06398103555627276950
0.06331589607785392815
0.06340485338305512641
20
0.04511636167799149000
0.04548810079924892058
0.04553798248835749796
0.04548225241840664346
0.04533189700765904995
0.04536759611252172419
0.04543291153643569391
0.04532043933484197762
0.04550353696865294673
0.04543322397214966113
0.04527648137320905430
0.04546514076393515236
0.04562293186985688642
0.04557137591436433155
0.04542085757639857668
0.04582144350428418722
0.04519990108302629483
0.04555624551054682225
