1
0.93337886399424330186
0.93336032417909886583
0.93330494169164524010
0.93338422955837130335
0.93335301285569727270
0.93340295033720821483
0.93333449064657569849
0.93335969179657141126
0.93334723443411971022
0.93341420134189823088
0.93337129392813933393
0.93336153295556079090
0.93343587846887765558
0.93336407293072987112
0.93335949728323996943
0.93334428708882177794
0.93339394750534554479
0.93334174471637343373
2
0.86731969599445668528
0.86728145247786403438
0.86726369850303741682
0.86725687258157002635
0.86722357866587129749
0.86720066331661815884
0.86728514431344161384
0.86735280096840927655
0.86723341171428580676
0.86722773041259837434
0.86716682244453058281
0.86734078934549352358
0.86728089938938612846
0.86720220112838797277
0.86722298630952421306
0.86719476921735794139
0.86726902625126123247
0.86726850124745014092
3
0.80185487539846966865
0.80180947873535468595
0.80164062182625128727
0.80169469268182713684
0.80180087615869632955
0.80169083875897062530
0.80167981099300267278
0.80175124160173982801
0.80177002644267858500
0.80169654880347118731
0.80171378705298623757
0.80168207642590627593
0.80170221919716877501
0.80153210012574527266
0.80171878810095886791
0.80170341457858462775
0.80180375162357342411
0.80180302883697396332
4
0.73687451953316096542
0.73698704746150045519
0.73715921003563389391
0.73712824238317709025
0.73698625885533863844
0.73698833412455955205
0.73692135558030247289
0.73683668133082269591
0.73703724565403039293
0.73704476889010084317
0.73695338222244699544
0.73700566826083213634
0.73702423109875936369
0.73709187613333049249
0.73701295815273804024
0.73713218111077150052
0.73711580081146010901
0.73719186947820736222
5
0.67326921529979721903
0.67331534739748843954
0.67337661612304500203
0.67350637746140129547
0.67318259437253558097
0.67328930496406447226
0.67296753080349058784
0.67343297756061815118
0.67343764858575094756
0.67341892102139322418
0.67351746193722705769
0.67330875179671867414
0.67318201760004936496
0.67332555108149760859
0.67348179277159792022
0.67326825452068950195
0.67342423235977910689
0.67351032019992640443
6
0.61060896581484325196
0.61101442668251659818
0.61076433694211662573
0.61091986544688614558
0.61089173641490168709
0.61082565201232119634
0.61084741720804880405
0.61056752016420956508
0.61084896188595516620
0.61111154320896432512
0.61068062380425547353
0.61055658740668750095
0.61096084269548833756
0.61075396958543548553
0.61100840446621029756
0.61093818195173599239
0.61088961673210329106
0.61094099739377416558
7
0.54988595471839230022
0.54992613846721771775
0.54988700824867242645
0.54957826613244309399
0.54965941225748393695
0.54936290806942256193
0.54953569799179646793
0.54958898684918255917
0.55008412516932558844
0.54972860814109836269
0.55003898007637985756
0.54962257065580188975
0.54973845233373930252
0.54941011523016025642
0.54994886525143149569
0.54996945195694690867
0.55027291660764010572
0.54961620140274569657
8
0.49046020550730218268
0.49026904581557351204
0.49058552425400425712
0.49047661362263894613
0.49031902932394977324
0.49036853751132780666
0.48996455666659255446
0.49027476190767460551
0.49056092220570512996
0.49039356975043879583
0.49095618389372719381
0.49059107755220388025
0.49034905550562113419
0.49016353491559161437
0.49060981255282365421
0.49028343972972010523
0.49026134692853085006
0.49073064495741847146
9
0.43329279114015373242
0.43255112112442806183
0.43285784967717189087
0.43324067588888404146
0.43278637010516696204
0.43271180165899858494
0.43235497200719230637
0.43250275292584205999
0.43297625637234438134
0.43317922250647622473
0.43313097649174781001
0.43281286423997877844
0.43290151112254382504
0.43278952639891854481
0.43300453312241127257
0.43273540336929672279
0.43295288297749279227
0.43302357949104419710
10
0.37774725702095979241
0.37763102897072553521
0.37768773073741634949
0.37752196722780928528
0.37726458926617600920
0.37768833648699762229
0.37755043733876236800
0.37752286416652081069
0.37734519397281196529
0.37798436404476709605
0.37757873334761582473
0.37723865265023814874
0.37767372773661989083
0.37723860566437950048
0.37753975770903169806
0.37793986703610349398
0.37769172789340521579
0.37761770410554984512
11
0.32458647551961827826
0.32491070265249066829
0.32508343976746201243
0.32485551599366824238
0.32428224361180835178
0.32489539610543660686
0.32494078388846525662
0.32490126688926901366
0.32502617543780076836
0.32497086241972394927
0.32518636965568914476
0.32524674337609282837
0.32535003475790369443
0.32450709043224301720
0.32477559970284775037
0.32442832202720905954
0.32502553761281671729
0.32495053242448368458
12
0.27491276126845398675
0.27537112148680764623
0.27554720729690862502
0.27499942000069599324
0.27475373939999891970
0.27570597145795283645
0.27445158092299426489
0.27510711718563563011
0.27503701290387783107
0.27529739193149782572
0.27520568167915337998
0.27495679110181636684
0.27505825984973142351
0.27479169887793120086
0.27514877179278984798
0.27522845482753510726
0.27518254132430575165
0.27523458806936573762
13
0.22785854958518347857
0.22900417647435244994
0.22884140855901380363
0.22827839096951518805
0.22865543004773536406
0.22878583881446779014
0.22787193944552674996
0.22872464321644625507
0.22799619866088483011
0.22921555681313143804
0.22866321303951220312
0.22890453660589571427
0.22920781082088104164
0.22851133631343500952
0.22859121626521095028
0.22848754110416458207
0.22817146349328520927
0.22922845028119220867
14
0.18599216633457948955
0.18671700335153185168
0.18669133914392299634
0.18599388910921266227
0.18614387506494556312
0.18612072209800645251
0.18566270568290776932
0.18576315381498742507
0.18599600943721217305
0.18625370986043310317
0.18612216807592096846
0.18656066152725359064
0.18637447382963501230
0.18561715099536912899
0.18633902021438619734
0.18573336045378663339
0.18584069643671008443
0.18593301577186505114
15
0.14757382288372578039
0.14850149395054335066
0.14862603897171977607
0.14824126723678721085
0.14796955668451217125
0.14853922684373854768
0.14773789499736478259
0.14793546068386886905
0.14757765165366976134
0.14796057997173284182
0.14799871382220242122
0.14784346795794311991
0.14816690106231911184
0.14731412213538674916
0.14784712398806987288
0.14796009396271658787
0.14798235850233354416
0.14759971523085324563
16
0.11444018097271502210
0.11495326523802817942
0.11485207092211635604
0.11452378523653472531
0.11415561195021994845
0.11472107318211510751
0.11461964859692341800
0.11466575961422176277
0.11476450928760473236
0.11462519672992721453
0.11441186727757934882
0.11479710751739202745
0.11479493380449756756
0.11453746833815581230
0.11470020551296000733
0.11483295347963573541
0.11444551360218369052
0.11480018086352061779
17
0.08628600823985299595
0.08605263845758315266
0.08624329235386363202
0.08559544466325097467
0.08609339914659652759
0.08602839846913901134
0.08603901801303814878
0.08630206902827874949
0.08629171686722214574
0.08591119571900163177
0.08601661508460456407
0.08613989814868805439
0.08617378776217843317
0.08583396806788512468
0.08606307468238927338
0.08616212803903033901
0.08588090046347540696
0.08583761373521758831
18
0.06286224943828144784
0.06286796430507268774
0.06290374695163325480
0.06237057231438780658
0.06270352184768546167
0.06268638417879979219
0.06274771498624120980
0.06252460867980480508
0.06276459247720889145
0.06257639979421736331
0.06329008870612695681
0.06268342058787190751
0.06287418135309641443
0.06263685460866330601
0.06238830734219014129
0.06263315253459433851
0.06279608549530180106
0.06280901424712892478
19
0.04422640539957256589
0.04433416941117196419
0.04409647947384143229
0.04418895883923501522
0.04368292886318658752
0.04401425180418017113
0.04421345041312829682
0.04441253215304574731
0.04438601628054894555
0.04418054545044414194
0.04414747239743488372
0.04428030738171417902
0.04445416975227534095
0.04407327810766725751
0.04405297461202994924
0.04433160370614741552
0.04450440272292710553
0.04426991145367809022
20
0.02997524502766502064
0.03004918606805351278
0.03030708537113724343
0.03003264514947556751
0.03000199625309696305
0.02981696369407704772
0.03001174070501655411
0.03019836259215513685
0.02994836228351382967
0.03018085118763602637
0.03023769200274017965
0.03016395032513663477
0.03013309834170685431
0.02979249049247056913
0.02988468280738720839
0.03007044189276142365
0.02985813669440939844
0.03006855453519097221
