1
0.66675873012149178276
0.66663848650672608009
0.66660703377810848203
0.66646200775462483001
0.66644269405430101028
0.66664788783101447400
0.66667775518667737877
0.66673063216733274849
0.66646227474863262152
0.66671679246108050965
0.66667277766574284392
0.66674209403938244911
0.66653510364955992351
0.66659151639446201365
0.66656023269294228939
0.66662139385195173791
0.66689291300015696162
0.66675262227362819267
2
0.39995878916964011651
0.40003439002876350905
0.40008365231879017276
0.40007033573977068830
0.39973023882327940459
0.39982470083367938063
0.39995168411926851348
0.39974414699638638471
0.40011632941813335407
0.40025153445614225500
0.39966025579991115713
0.39992907163045243735
0.39984602452684769869
0.40038790098151688657
0.39977931090116991530
0.39954425418007188942
0.40000770389954110051
0.40027815093796481616
3
0.21040228250500092599
0.21037254623268741849
0.21064012481984839553
0.21030831932288673869
0.21041026276746355173
0.21024280132508599284
0.21051586136158806362
0.20983801843889660077
0.21046873820638145602
0.21064573257887930779
0.21060560419275609068
0.21031598561449005302
0.21036244521692049059
0.21061763486518769728
0.21085867712794281736
0.21044130944150751805
0.21045402665127155295
0.21049286561878011170
4
0.09502126246268094434
0.09466965135916316498
0.09468043596542763396
0.09439069555824264324
0.09463147245696923449
0.09480124649439292117
0.09481812549943391399
0.09491723928201634131
0.09503505562003933260
0.09504912433368495339
0.09512198653180370389
0.09488073698416132906
0.09463602843783314178
0.09500326160694050337
0.09488417778209012887
0.09492579298060788151
0.09502077107079975882
0.09494510753767426703
5
0.03662369175984281355
0.03651472127543797797
0.03648817810007876083
0.03667494098670687208
0.03641596072893971137
0.03648482898097737959
0.03633758244130336212
0.03654794634578339974
0.03649413359818187708
0.03649449087040357309
0.03656375433377712092
0.03646219049485555086
0.03663652045442244987
0.03658342492211741348
0.03654981690600045408
0.03663669195044771953
0.03647741609502486160
0.03666545415031241539
6
0.01202347194177422196
0.01206719439360437462
0.01205450371299188195
0.01205920057411213886
0.01218743147051681852
0.01207656400503842598
0.01217435112241627149
0.01214800624875411739
0.01220791987666036693
0.01212008893281213417
0.01207345036311235908
0.01200180210799206559
0.01209277237337746946
0.01219738666940617389
0.01207578559686395270
0.01222294593325434775
0.01194264919913012868
0.01215913082682640312
7
0.00340635435572866907
0.00342721312860805316
0.00340854142491020529
0.00345402627252366923
0.00343972743677922743
0.00348223168958394780
0.00348103725582815660
0.00341469851114206691
0.00350646146340261033
0.00345700557346229065
0.00343317135142584551
0.00353108512808897324
0.00347289626194791090
0.00350665936436489467
0.00347646920834443485
0.00356802219890128836
0.00338231905619568174
0.00342721244551491555
8
0.00086025897292074660
0.00084528472006983879
0.00084847930168119312
0.00084847913212937609
0.00085147369293991915
0.00087423469494807282
0.00084668218284533747
0.00085766343863891148
0.00087503312097281238
0.00084508472029276582
0.00085167369267491466
0.00087543294565306518
0.00085646583748411054
0.00083310485730703210
0.00086445173058202762
0.00088421693748019781
0.00084189011825230864
0.00082132454269612243
9
0.00019116337309776910
0.00018136706374127787
0.00018256666332727711
0.00020175920428888716
0.00018096706399439721
0.00019236283550017053
0.00018196680925397501
0.00019316260371993188
0.00018836443679437487
0.00017796828605143311
0.00018836451212589367
0.00019936024756661563
0.00017376972931315571
0.00018296644395421335
0.00019516182634671253
0.00019955984855846154
0.00016717204883343051
0.00016437297708260523
10
0.00003599869684722812
0.00003779856365460077
0.00003719860133255537
0.00003819851789754747
0.00003719859389317293
0.00003919844774147307
0.00003179896971339247
0.00003879849461840834
0.00004019836794622034
0.00003739859381290955
0.00003799854085606569
0.00003979840806367374
0.00003339885107955798
0.00003219896319339721
0.00003159898883231538
0.00004339809916320547
0.00003319889779662688
0.00003099900183212156
11
0.00000679995104035935
0.00000539996652015873
0.00000579996636018709
0.00000539996868020864
0.00000639995648032965
0.00000899991540082024
0.00000259999219998086
0.00000599996160022265
0.00000419998152012546
0.00000779993604049789
0.00000539996760018369
0.00000679995104035935
0.00000659995380036804
0.00000799992800060156
0.00000479997504010399
0.00000539996976012258
0.00000559996752014236
0.00000579996056027099
12
0.00000019999984002261
0.00000099999839997533
0.00000039999951995107
0.00000039999959999815
0.00000039999951995107
0.00000119999832004503
0.00000039999968004523
0.00000059999904000740
0.00000159999712001646
0.00000199999560002162
0.00000039999959999815
0.00000119999832004503
0.00000079999872004688
0.00000099999879998869
0.00000099999879998869
0.00000159999712001646
0.00000119999832004503
0.00000039999968004523
13
0.00000000000000000000
0.00000000000000000000
0.00000039999951995107
0.00000000000000000000
0.00000000000000000000
0.00000000000000000000
0.00000000000000000000
0.00000019999984002261
0.00000079999919999629
0.00000019999991995867
0.00000000000000000000
0.00000059999928003762
0.00000000000000000000
0.00000000000000000000
0.00000019999996003772
0.00000019999991995867
0.00000019999980005458
0.00000000000000000000
14
0.00000000000000000000
0.00000000000000000000
0.00000000000000000000
0.00000000000000000000
0.00000000000000000000
0.00000000000000000000
0.00000000000000000000
0.00000019999984002261
0.00000019999987999064
0.00000019999991995867
0.00000000000000000000
0.00000000000000000000
0.00000000000000000000
0.00000000000000000000
0.00000000000000000000
0.00000000000000000000
0.00000000000000000000
0.00000000000000000000
15
0.00000000000000000000
0.00000000000000000000
0.00000000000000000000
0.00000000000000000000
0.00000000000000000000
0.00000000000000000000
0.00000000000000000000
0.00000000000000000000
0.00000000000000000000
0.00000000000000000000
0.00000000000000000000
0.00000000000000000000
0.00000000000000000000
0.00000000000000000000
0.00000000000000000000
0.00000000000000000000
0.00000000000000000000
0.00000000000000000000
16
0.00000000000000000000
0.00000000000000000000
0.00000000000000000000
0.00000000000000000000
0.00000000000000000000
0.00000000000000000000
0.00000000000000000000
0.00000000000000000000
0.00000000000000000000
0.00000000000000000000
0.00000000000000000000
0.00000000000000000000
0.00000000000000000000
0.00000000000000000000
0.00000000000000000000
0.00000000000000000000
0.00000000000000000000
0.00000000000000000000
17
0.00000000000000000000
0.00000000000000000000
0.00000000000000000000
0.00000000000000000000
0.00000000000000000000
0.00000000000000000000
0.00000000000000000000
0.00000000000000000000
0.00000000000000000000
0.00000000000000000000
0.00000000000000000000
0.00000000000000000000
0.00000000000000000000
0.00000000000000000000
0.00000000000000000000
0.00000000000000000000
0.00000000000000000000
0.00000000000000000000
18
0.00000000000000000000
0.00000000000000000000
0.00000000000000000000
0.00000000000000000000
0.00000000000000000000
0.00000000000000000000
0.00000000000000000000
0.00000000000000000000
0.00000000000000000000
0.00000000000000000000
0.00000000000000000000
0.00000000000000000000
0.00000000000000000000
0.00000000000000000000
0.00000000000000000000
0.00000000000000000000
0.00000000000000000000
0.00000000000000000000
19
0.00000000000000000000
0.00000000000000000000
0.00000000000000000000
0.00000000000000000000
0.00000000000000000000
0.00000000000000000000
0.00000000000000000000
0.00000000000000000000
0.00000000000000000000
0.00000000000000000000
0.00000000000000000000
0.00000000000000000000
0.00000000000000000000
0.00000000000000000000
0.00000000000000000000
0.00000000000000000000
0.00000000000000000000
0.00000000000000000000
20
0.00000000000000000000
0.00000000000000000000
0.00000000000000000000
0.00000000000000000000
0.00000000000000000000
0.00000000000000000000
0.00000000000000000000
0.00000000000000000000
0.00000000000000000000
0.00000000000000000000
0.00000000000000000000
0.00000000000000000000
0.00000000000000000000
0.00000000000000000000
0.00000000000000000000
0.00000000000000000000
0.00000000000000000000
0.00000000000000000000
