1
0.92863082913234173965
0.92856282549455593234
0.92862391344718764330
0.92864766140997812016
0.92865610867443981746
0.92857809835672922016
0.92864737121289320232
0.92858997987451408207
0.92862473060296757410
0.92866824614191512133
0.92860974983785493642
0.92861744482574626325
0.92860350599623453505
0.92861865752680916586
0.92863352352309003201
0.92861267820559911801
0.92860951335632480053
0.92860019963098583418
2
0.85789172698948490403
0.85786870123600478255
0.85779641251136484748
0.85789446534579605341
0.85785949288598273288
0.85786229713471484626
0.85778862667044641910
0.85781607756893518690
0.85783118559896165412
0.85789936423619872485
0.85785591670221927885
0.85797885430542131235
0.85788492506969959983
0.85784393012325466099
0.85786267291180051675
0.85791297677397670984
0.85779518705631574438
0.85786219611903036242
3
0.78784789854517178753
0.78780577123086226177
0.78786860943304648508
0.78787045440506342509
0.78792188470522084298
0.78787979577074906956
0.78782841707926243302
0.78806119518602391061
0.78796504494906005611
0.78795257264317863921
0.78799550465847889580
0.78777631989600027662
0.78789994260150542082
0.78791592057284731698
0.78796359471352639403
0.78791402241510355431
0.78784904175481362820
0.78797933189430724443
4
0.71899880006939609345
0.71873980432402417851
0.71886684062801287087
0.71889673760117256407
0.71887012147785867011
0.71859764005992066149
0.71890547683225491937
0.71899556260539065899
0.71897942154983662810
0.71886257262970221227
0.71902810756833868133
0.71905201012828134921
0.71906572779238386861
0.71882085007379259434
0.71901487573693223521
0.71877117652617228405
0.71888719178030968671
0.71912202090461185833
5
0.65125987500466431257
0.65115035867993720231
0.65126685582867227531
0.65147355122027716945
0.65086016465002494158
0.65103044694100165035
0.65119613146047161667
0.65082151853968639443
0.65131529718623470959
0.65113918663166425738
0.65114351923205870953
0.65136584001589215021
0.65106478542350831873
0.65110934231442296749
0.65139770958671761036
0.65135831042236302935
0.65133027852412417325
0.65167199085709182071
6
0.58511298320928362138
0.58531149917622204981
0.58522632393343754220
0.58521431540106005897
0.58504715602393908558
0.58516765100753542761
0.58526134771512827726
0.58504567522171613270
0.58517274468187840952
0.58505986293877076942
0.58496777733904292695
0.58478721358229690530
0.58479368169551482204
0.58450975815251282608
0.58476513093588033954
0.58512722105076075962
0.58519805325306095689
0.58541925969386232609
7
0.52073517602129770765
0.52062232351779957895
0.52077431276722796483
0.52086340711007328430
0.52038136925583033943
0.52082111228978322792
0.52049805998542897356
0.52081648205976671662
0.52067306254328316051
0.52062182190562422690
0.52081987238106819404
0.52044434422808949492
0.52073912673405953200
0.52027327893173791473
0.52087529462540582692
0.52077931923716969109
0.52054215493795918945
0.52078538596241874536
8
0.45884758073820441915
0.45844174411841476235
0.45853222774410395957
0.45858916764048296422
0.45824611107932822218
0.45849593775051300515
0.45835918311546941517
0.45815564023968990970
0.45848860699529936369
0.45873088591989963358
0.45879562495325354465
0.45830196904870557084
0.45809218906628168533
0.45843592801062416076
0.45878863595822028110
0.45833002012193624353
0.45847406218940145450
0.45876239892670545029
9
0.39891843961400041962
0.39851563460494188185
0.39885997583661425558
0.39852998528325223049
0.39835117199199232552
0.39863420369702406987
0.39861139593498040590
0.39861527753204561986
0.39847139796226493935
0.39892838698571186917
0.39885185674563616853
0.39884578552410654417
0.39885831353576550740
0.39850772411085144675
0.39893691322800961530
0.39849216572919754498
0.39883205254681441954
0.39887435729213371882
10
0.34209871185791251857
0.34145936702178658617
0.34176084187057009789
0.34129161730203172453
0.34086186374663729470
0.34146573716880712634
0.34132702132292702668
0.34139894252570157640
0.34134437167922893064
0.34200927976173400857
0.34215900524035502972
0.34164097534923909549
0.34235494304602209770
0.34145511055699773184
0.34214753183408153081
0.34138740445194970530
0.34181261619456937417
0.34184332766573699569
11
0.28839074443003198667
0.28794737998626307451
0.28861696716617524228
0.28761620568604118198
0.28733528926147555715
0.28773518046973767248
0.28797707061988764288
0.28820292915590495220
0.28815823698218423488
0.28809097953094386924
0.28821164350770656082
0.28809923083516364439
0.28794748138983261576
0.28752486534241494809
0.28831328063917349702
0.28849397213178207267
0.28818487005194959316
0.28776624862877386857
12
0.23829814784911018677
0.23795455747406113467
0.23802048441084155961
0.23795421639004465941
0.23786969152532611016
0.23805512357583202832
0.23748820015585703214
0.23772703891764690454
0.23801774104150863476
0.23834645989544955835
0.23846598112496020239
0.23812537198446881437
0.23793098718202743136
0.23777252621142075384
0.23778774783086298328
0.23800376242585030706
0.23776453725816970586
0.23824716758010799911
13
0.19230419437124490756
0.19269451498484857499
0.19211480085758425584
0.19211786524359053541
0.19182614598823299890
0.19232783438475964388
0.19213767494826061721
0.19178042334456757434
0.19200026760902966227
0.19233038157482396091
0.19171499663430735527
0.19247569436481370975
0.19229962152828650179
0.19192097132197905029
0.19246891860703807531
0.19231025827125303174
0.19218880133127069776
0.19227193489339711174
14
0.15173762702271875735
0.15148322162912897237
0.15125509649280499680
0.15150280461758125483
0.15119611506634067499
0.15115956510918282518
0.15169001606016607742
0.15151743984187038272
0.15115658033723444742
0.15154122228727062716
0.15156029353222522094
0.15141525012669343475
0.15168603759448506807
0.15148794775891449849
0.15148487245405772850
0.15187519284210804216
0.15111837450941079108
0.15127242629922055261
15
0.11569023204581707631
0.11612996744715131658
0.11578646922571700362
0.11573381154372286428
0.11597012056900979360
0.11605631631555890504
0.11570157457894203468
0.11608203872047151428
0.11600042148990319379
0.11632411656076424578
0.11551806303088707484
0.11613354053462099369
0.11619435617211260059
0.11579393379505287243
0.11581459380169711881
0.11632751960247522671
0.11578830466608003302
0.11593959974807888091
16
0.08574890180377725546
0.08613348808093179709
0.08601989363131434807
0.08608009832294238883
0.08634414313961857879
0.08586488783678258851
0.08579318420093196007
0.08574955480672519226
0.08606550185455030810
0.08619068749757841097
0.08606425980294851730
0.08594227737026116642
0.08626979568497517015
0.08614855201528393014
0.08588811807081864202
0.08591562916878348055
0.08587167724492783538
0.08597601460095261050
17
0.06212331438138818385
0.06199063868904131080
0.06197020225366656199
0.06128233381126457768
0.06181882387333692552
0.06136276044565680543
0.06185969732664431397
0.06200999519750272082
0.06177556332278588691
0.06152113291486005497
0.06176761770657568373
0.06182659260619949304
0.06195755480687437089
0.06155767788821120412
0.06143580022979744371
0.06155652582094417458
0.06178086805754279265
0.06125327668822899696
18
0.04238713353411249773
0.04244965401860090193
0.04262270096059139757
0.04248830498724209814
0.04258881933629710126
0.04238488397280459896
0.04266835207656183293
0.04270921722934784004
0.04286553006628524010
0.04250358103087725770
0.04254205240959030299
0.04284007810406220695
0.04286075809794798186
0.04258954448808527360
0.04239719629837535031
0.04246525734375306005
0.04275650947812181801
0.04253657647313624501
19
0.02818152451641420253
0.02853266994011116608
0.02847852913556747634
0.02803753396755637173
0.02858084299197283240
0.02822868884033502557
0.02838395150325190297
0.02832900001496374554
0.02842489330682107518
0.02836787506871840669
0.02838620615142639636
0.02852252171733560271
0.02846550933846614395
0.02857818965100200614
0.02800032736870405881
0.02829820900314172771
0.02834203451127170759
0.02843286666447741862
20
0.01801312048373315822
0.01793153784223266989
0.01800308110244075444
0.01832372536538873220
0.01825797608367707436
0.01800193806594840851
0.01833200579496507832
0.01827648454713848292
0.01797340402861780095
0.01801967764825063156
0.01810702319988732878
0.01830619315882653364
0.01821038283019360549
0.01809375027616066944
0.01810490570795275644
0.01797476121117280723
0.01806131869543259327
0.01804207683809988527
