1
0.88887707528729276163
0.88893410504878900280
0.88896325389897756786
0.88896951429292114799
0.88889942862975956928
0.88889370596399253088
0.88885918959455278987
0.88886045445360273298
0.88885971332874558204
0.88897227564444547543
0.88893553843084704980
0.88884159469271084575
0.88888014005191562372
0.88894702142140880063
0.88900802028045455838
0.88884899308747444824
0.88888727158139746454
0.88891785170768700119
2
0.78058017311430971663
0.78043015655941505582
0.78041680132603630238
0.78051446433534155123
0.78073442725782760121
0.78053818259579477168
0.78039628799527760439
0.78047629434224297107
0.78031739121857612851
0.78041232671846094693
0.78048726198567841550
0.78044867762728120653
0.78053530238191137780
0.78043050367739308371
0.78058828044129657808
0.78051281677591122232
0.78038842691163601284
0.78043761505892328412
3
0.67572592937235742561
0.67538512787648485869
0.67540459997033197581
0.67541174336707276993
0.67545859962490806261
0.67519922297291590230
0.67540860198021446248
0.67552428764630612079
0.67521688195989648662
0.67553822670809915429
0.67538833123861463648
0.67527602663229102653
0.67544142869068068968
0.67564843366150340032
0.67567452212930234623
0.67558787046405344157
0.67529915975248977489
0.67530358777702925721
4
0.57451445939987999534
0.57467451987161988214
0.57466518514132847173
0.57469148776996337169
0.57432871678914643176
0.57435930046503780311
0.57461761329098226536
0.57415785294606358491
0.57465205069906311053
0.57453515644378594374
0.57478449236262230126
0.57447865794734243039
0.57472317684998497356
0.57469528636769917629
0.57470078516992728623
0.57457022258812950888
0.57483538911637066526
0.57485295873253194898
5
0.47903340351789702733
0.47909516819482655947
0.47920297704005665462
0.47893578325075514268
0.47885796191309426550
0.47877158235751637871
0.47890221393561105412
0.47851716683609635261
0.47929094896961654815
0.47887355064427850060
0.47911735429225354999
0.47917665779045159891
0.47885019435745301841
0.47896450718773242450
0.47919587073485192530
0.47862303592201704827
0.47902786677711262087
0.47904935733483478000
6
0.38974278044927834763
0.38981323296338554751
0.39045388343271159037
0.39015496031191843063
0.38977525318509598229
0.38977609931115553277
0.38986259960790159429
0.38991724356045964761
0.39056859527542431287
0.38995356818312698621
0.39015523704886168055
0.38992101312096094645
0.38996758779028672937
0.38983490165976975028
0.39052513764366525439
0.38958560203927161680
0.38993751746302107719
0.38999616673974502046
7
0.30848458143443391322
0.30864808480501271237
0.30909570270479036491
0.30845990579020410305
0.30828410741121803351
0.30855286066607312545
0.30832382856134987748
0.30824392396779742853
0.30906710333582065875
0.30848348674378267553
0.30903683562403516660
0.30848639856342341403
0.30826268167421255750
0.30850883012419583196
0.30896287891247475876
0.30826995479687924195
0.30848424154404829878
0.30870782551637054869
8
0.23556226425709925199
0.23589809890184954000
0.23645693843727666472
0.23582043884019709967
0.23587808599877890803
0.23592618622030103737
0.23556698398759046142
0.23585956279918918188
0.23564945030267481219
0.23633052369487894673
0.23613619128108387368
0.23628635139682319100
0.23580496833559150271
0.23617310197951690842
0.23537753334360989044
0.23549583865427803353
0.23605114541815930274
0.23617193511560752306
9
0.17343545477058053272
0.17379782795057863165
0.17351136321560622910
0.17335157027435932342
0.17360277827912506954
0.17290819966575587951
0.17288622271893094862
0.17353204235939034827
0.17356207353771013757
0.17383758261201176509
0.17365879666072747689
0.17360733610879675037
0.17318461251493222353
0.17370968285687282684
0.17328137356847617134
0.17308719586597021145
0.17342307082548980013
0.17341071519200890183
10
0.12193657085597420231
0.12208156235519851407
0.12163970631894893693
0.12144499662547358909
0.12174865219345598621
0.12144030143686446177
0.12156439994335854760
0.12165094893147276878
0.12154850370960690320
0.12166022815366073218
0.12217884036124748715
0.12195139512181074615
0.12181751312267041776
0.12145282682699776178
0.12109236091616482067
0.12170715298259049408
0.12194236613371567390
0.12168244620181845050
11
0.08095590745091896245
0.08121309813161303737
0.08100120774700503290
0.08117866970293807771
0.08141751013837872364
0.08113708690532916989
0.08112766038385643697
0.08110148556247342988
0.08122576047740903693
0.08140069379912895364
0.08170820400741973799
0.08127688293304335954
0.08129785972099423663
0.08078372254420274068
0.08069044463631425135
0.08129933412708911789
0.08137958276302370564
0.08088850016654280939
12
0.05110336685403571444
0.05125602167080445248
0.05124522990297475378
0.05060279031191061705
0.05101022687091683050
0.05124973055519288501
0.05124233001654443509
0.05111266306596273790
0.05136255397025879521
0.05112904009388485882
0.05139588852622734017
0.05102190522193239541
0.05145688459355357569
0.05118342807880393863
0.05118112626942328269
0.05097040986822365394
0.05111433225843675654
0.05071595794225292053
13
0.03036483412487711586
0.03058669199029195873
0.03043477923630233395
0.03036597412943509156
0.03042802259641597118
0.03043688276461731235
0.03047994113078911216
0.03047445973771278904
0.03044814554113506322
0.03051205740288998047
0.03068082308975239592
0.03033043370332622057
0.03054158137060292155
0.03051845463337754527
0.03024017818733482077
0.03032669618478545104
0.03025277395805658909
0.03046654613455690441
14
0.01704558858453164572
0.01690488998785677488
0.01688998612441861003
0.01705427758618016654
0.01714489024478937917
0.01694044165238606237
0.01708578414557027081
0.01723142626277074374
0.01699901228199030001
0.01710742810638032907
0.01720034916864099372
0.01689695818574521446
0.01723394419316259807
0.01721870081185494783
0.01682872256144862799
0.01702027353933810438
0.01694064159462982389
0.01694662993199447243
15
0.00873167049031220444
0.00879730979983084360
0.00889750397332111920
0.00895762131181687682
0.00899179585588949504
0.00897706420745481015
0.00893502926708700240
0.00905170004768429681
0.00901890988225173551
0.00901281582215529564
0.00904404953347826002
0.00907213193118527883
0.00905328017900441928
0.00891989949677030047
0.00885939874708085995
0.00893542569236172035
0.00901733503729262864
0.00889986850101864846
16
0.00426869753245984196
0.00433749459605359267
0.00443900205085323574
0.00435514276628334862
0.00446754963722817422
0.00439360312094161376
0.00447587022126683109
0.00449093331613092950
0.00437755103259940270
0.00443186225824665492
0.00448934407951329106
0.00447071397624754230
0.00447507825812021309
0.00443821002151412181
0.00437278859060608038
0.00445287782461267767
0.00453255421554821236
0.00441104934708380636
17
0.00197210036873085581
0.00202966557123140934
0.00202229958536070953
0.00202727854272266583
0.00214060625896828061
0.00208205308955966562
0.00202508745240170818
0.00211093073744272886
0.00198962949537906386
0.00205974662322305768
0.00207089874331012336
0.00208962099025278292
0.00204938850661884331
0.00205815074197812642
0.00206611817669066777
0.00203883140530869422
0.00209659128783989956
0.00202648178371911403
18
0.00089619521669537239
0.00088182117553781136
0.00086105690788851330
0.00091376208017246441
0.00093811798147380721
0.00090617646682700226
0.00090298316143211377
0.00092354461297949886
0.00091236500354874295
0.00090797319960445044
0.00091456189547900468
0.00090557809731883765
0.00092554128279787040
0.00090557809731883765
0.00091556043108464991
0.00086964028224945089
0.00093991516386471297
0.00084887777478925841
19
0.00037445912847589025
0.00037465882855336474
0.00035487316832960580
0.00036866322594319989
0.00039244545497985062
0.00036846307911975185
0.00034288156870621034
0.00037825626262022460
0.00039064678832956279
0.00036986263301808098
0.00037505875287369150
0.00037905588295328307
0.00035287501167091673
0.00036766411134447896
0.00035427366601070709
0.00037086196517654990
0.00036026965443902714
0.00035947015937842774
20
0.00013278228684288074
0.00015037711260346143
0.00014337918134288419
0.00014357915230711615
0.00015617535552892026
0.00014737804067188609
0.00013118255272048795
0.00014737798172947958
0.00015357619568967529
0.00014157966915950837
0.00015357625711065470
0.00014897753418785520
0.00013558137111957524
0.00015057711227894899
0.00014377909451968041
0.00015917443658552966
0.00013838070972904681
0.00013278226029000972
