1
0.94740869768631397196
0.94739082979023725439
0.94734831974956834610
0.94737685848096442331
0.94740191717276800443
0.94736853407177945563
0.94740472176003831528
0.94741555055734516522
0.94744770807840872351
0.94741748552014271034
0.94739420287692899247
0.94737817436953375427
0.94739103294045234893
0.94735520111239723828
0.94738323737912499833
0.94735151257524918833
0.94737813117221636450
0.94737059104626175632
2
0.89498735469481938143
0.89502753511181287749
0.89495107883224533918
0.89498278022490018735
0.89498795680124643148
0.89504117733211474572
0.89497139304896033973
0.89492633968654211607
0.89499924777476147497
0.89501770064202545996
0.89494189447461713893
0.89499095620292079545
0.89508675421437478015
0.89496298454300804437
0.89499154944663183997
0.89499294541746998721
0.89499189127546607825
0.89502312062817312999
3
0.84285727351004324781
0.84292529530032678231
0.84280311116412487404
0.84287231061140055477
0.84282911750376521276
0.84293059476442644407
0.84278996883438150878
0.84283235348774987461
0.84288042303109378395
0.84289789783562318881
0.84271715938747293606
0.84291891474480917790
0.84285909589331264868
0.84283905229220401623
0.84286914046688710123
0.84284650805796512696
0.84292819672720298296
0.84290057454693090300
4
0.79102619368065263394
0.79121777296892281672
0.79113811053752092217
0.79127644604113234195
0.79123948724440629210
0.79100593755955017627
0.79131159747537271887
0.79116981296302579807
0.79102472635749210284
0.79108034794293657921
0.79102062123680605410
0.79110026671466338044
0.79110957887758148743
0.79107772033672063561
0.79120374476694266264
0.79129452233909491898
0.79118062768810404339
0.79111800012816990701
5
0.73982020029145312279
0.73983667583967127612
0.73970635562774822436
0.73990531518775182196
0.74000446671968833634
0.73959309370188175414
0.73985147091762892835
0.73959057108210812803
0.73995341840388073607
0.73977768184255987549
0.73989006826683745288
0.73982137815256887592
0.73986868685870210705
0.73993287255360851162
0.74006397749496066751
0.73998363146266266099
0.73996049378966344268
0.73988967585493514711
6
0.68906753399360431978
0.68897271273249893753
0.68904716372427832205
0.68896272906316913254
0.68898030096108120457
0.68917903375431510682
0.68927866846321461658
0.68894266304505047405
0.68914357399482195632
0.68928580860957089360
0.68892434042525130256
0.68926586571485981558
0.68920906131390613503
0.68912767180563083702
0.68911322870387325956
0.68911688204938426061
0.68917741070495552869
0.68920386043228465400
7
0.63902717941591058448
0.63901878782221233077
0.63906097040959819466
0.63880096512266304476
0.63876011904142637743
0.63899310946837095671
0.63902671033090596708
0.63892071798940319738
0.63913190524017482463
0.63887171525328922961
0.63908617016676871891
0.63890758944865710944
0.63911685649217531147
0.63875023336706915345
0.63930453380671914410
0.63886518843742834406
0.63937274590205317448
0.63900763317443676215
8
0.58969234764990474673
0.58920769613374335272
0.58957564215956870246
0.58953654380497688692
0.58938773666640664750
0.58943243043064053044
0.58965493639496280309
0.58951708558852322639
0.58967138461942480987
0.58957224376189676374
0.58968820614560857329
0.58922106070531965472
0.58961169112577560547
0.58921869834432361035
0.58958480979991301218
0.58986201008675553936
0.58998335662771295151
0.58932794598060223024
9
0.54105727201390996228
0.54077309272081364178
0.54155852431592621521
0.54093229340586101994
0.54056027159849706631
0.54097654513244508578
0.54092179817338581493
0.54103393323468029763
0.54130455762914186923
0.54085396801171436998
0.54090603334816511616
0.54093634714932425922
0.54100199654632097346
0.54072980672563386584
0.54130694103317511523
0.54104637629011709254
0.54075026590517061287
0.54106472812717987253
10
0.49347998479632260160
0.49362161487721700759
0.49329283061316520076
0.49323361538215948485
0.49322816954169745873
0.49310137558859690188
0.49336039730208758325
0.49342953967113301061
0.49319565714058666295
0.49369473877885261537
0.49322837774080607876
0.49328913336180368887
0.49348932348327168018
0.49320089683007872772
0.49391289526098769436
0.49340285049544607698
0.49333503707564863028
0.49337846716023681104
11
0.44718547763576743659
0.44687134831889507858
0.44694020217617580482
0.44714050354382517405
0.44659325704009444902
0.44643463098022395652
0.44693831748575119089
0.44690050855184126899
0.44689035187327352805
0.44696144079087007928
0.44630902583140408257
0.44667201549315260767
0.44656965048162200471
0.44660153986257145053
0.44713517075748965279
0.44650368279549956796
0.44693684927411159169
0.44676242013613387538
12
0.40172212710289723070
0.40153866556741468763
0.40172468071007483292
0.40170854978481884690
0.40153551286438482482
0.40119334717691423897
0.40090836470270085901
0.40120575411607517502
0.40207329515857226365
0.40165396938531527926
0.40171690119711400691
0.40131991957106805113
0.40171222439480025468
0.40125422593837622998
0.40138863165284732748
0.40117003930950745350
0.40171568419225034408
0.40185396153044183887
13
0.35741534926340656764
0.35766613806967206823
0.35730655998321803057
0.35749393121620987035
0.35719736667534018881
0.35748630742355969048
0.35702452238288706621
0.35757148484808776168
0.35743930669340395756
0.35769851082757131433
0.35737397258742231720
0.35695274527145981480
0.35708435192419163418
0.35715299573819003776
0.35793972556863296042
0.35730056602403303945
0.35762268450741896419
0.35770849438754181993
14
0.31513298310217285891
0.31522918124083432190
0.31508899164355785860
0.31542545384445186407
0.31452734864254827674
0.31499027836536253044
0.31446878988925952569
0.31451962718708970090
0.31512914441754891204
0.31504062005674460245
0.31473168183184352387
0.31574992411683355797
0.31520538806495290718
0.31463685435519817002
0.31498582435350586106
0.31515743051571110112
0.31508785829908436682
0.31545333318729706917
15
0.27444434189951139036
0.27466078505015634192
0.27532487108060399450
0.27469721594756479899
0.27468014559165432331
0.27460940696245905723
0.27443189230503339804
0.27457641184445102933
0.27522377770069395009
0.27492185489045906088
0.27464426464047253518
0.27478369033698391011
0.27490404467623608120
0.27423037759525525914
0.27444002515074561455
0.27417056073070500410
0.27448483488917208017
0.27453817936797342281
16
0.23605895530437925878
0.23617075752094718322
0.23651070348345737404
0.23598432733511520709
0.23576856018741343402
0.23563283054380645964
0.23576461597248754565
0.23582863165385203885
0.23553366470301340119
0.23584105602781291200
0.23608730891720963729
0.23570461521717633868
0.23599490623848262683
0.23587534530703369029
0.23607004362486194715
0.23599874153888888983
0.23556213785805990568
0.23610540738079000000
17
0.20009979529007182464
0.19987025132325086929
0.20046430506870627219
0.19979169043944577933
0.19982677905543699826
0.19974801726043356354
0.19998790384129838671
0.19983676722285836913
0.19990514105707235526
0.20013047435169561972
0.19927518592778126205
0.19992908194076097761
0.20030963911688881574
0.19929768967511263256
0.19972576284712395545
0.19989355413649079196
0.19992885788746972420
0.20001523167343293608
18
0.16592946187942847480
0.16636808839939654092
0.16635338314524650283
0.16617131852547573079
0.16622690808892870429
0.16676334962195327183
0.16659849461440789931
0.16593121452610415378
0.16621222599111618035
0.16612506652217329250
0.16642348543830132179
0.16610815515751586879
0.16617649118851485213
0.16598516657247874839
0.16626391792596517671
0.16591412914975078863
0.16664058258993719175
0.16601351821312593238
19
0.13615913430913717530
0.13622338301934289184
0.13610752452971153215
0.13594149031583990794
0.13582522566992361046
0.13564708251688295526
0.13604079947056757494
0.13602166711622176720
0.13579574542811023719
0.13592259686969887511
0.13570079157469827624
0.13603016011415447473
0.13575387302252361899
0.13563656731124951182
0.13581238059123390549
0.13572708555774903871
0.13592570920398616696
0.13574317278319314450
20
0.10890276183956770772
0.10982403948095786905
0.10862537335091826396
0.10823887835425749504
0.10865808806816812382
0.10903965473615184756
0.10856309595697299919
0.10841770798728889158
0.10837869738493710603
0.10879382403226012244
0.10912874995612475981
0.10934024768099659397
0.10899041651170582323
0.10876630350212590503
0.10838841543474575513
0.10886146924361661537
0.10897132377667129166
0.10882821172194656612
