1
0.49980307246963129320
0.49975613111391803400
0.50014610729283837109
0.49992403846144228829
0.49980012012800312249
0.49980987773452689726
0.50010227907370152778
0.49984184999296776830
0.49983134312890309392
0.50014600735125269715
0.49982353774411614200
0.49995524599451646175
0.50006794076684979444
0.49992323821706630138
0.50001589949439606553
0.49981468133943629528
0.50008028710589080834
0.50011747239398740561
2
0.19977897899820351579
0.20005234857430931328
0.19998883184632620935
0.20035593756507108498
0.19997350312242345716
0.20005452428362480166
0.20014253457183239782
0.20003097480065568092
0.20053055979318690216
0.20049514924513966996
0.19988043013147882565
0.20037879648077183692
0.19995938994675566125
0.20025128099725442166
0.20040389198607999610
0.20029784101252512407
0.20008191161225086230
0.20034234936492001378
3
0.06305594735424857600
0.06301854885588964450
0.06295637520186259106
0.06286506084253662419
0.06300782613030253554
0.06305770307892288873
0.06286172358812180949
0.06303050041854429963
0.06313073539538216483
0.06303682134117283287
0.06310494142813161123
0.06296131585718700574
0.06299432905427826412
0.06293162532040708079
0.06307755413022586577
0.06319656005845653013
0.06298307897701760361
0.06299098091519150788
4
0.01570927061541560477
0.01559901489024617671
0.01553892735505679745
0.01560443536963351807
0.01561063714969779248
0.01566063614677748461
0.01562943581808051707
0.01576081575302057391
0.01570249186626082594
0.01560114678528801146
0.01567110041036656742
0.01560754241501005612
0.01556024542467038252
0.01553834585666757917
0.01566471177678430138
0.01564261075835049475
0.01553524452032262193
0.01555907941440759501
5
0.00308624437018101272
0.00305364607135427679
0.00304350816955833992
0.00312301559214978042
0.00308028254299863580
0.00308465545907854466
0.00302999125059122409
0.00306577152624820659
0.00309479129199663472
0.00308286654350087286
0.00313931242159692925
0.00311307847852726471
0.00308882957045886197
0.00307829484118937735
0.00316634242990565529
0.00313772182415317236
0.00310294178340497773
0.00306517581045318011
6
0.00050514469986873145
0.00049075903731266024
0.00052092849206997194
0.00049955022488756828
0.00052712199585935871
0.00052252682297693198
0.00050514449791294602
0.00052652252263052368
0.00052832072966224608
0.00050834135591815155
0.00051713243567774736
0.00050354631336735345
0.00048916060479997636
0.00048776167964337258
0.00052452451972229142
0.00050354621270876088
0.00052192744948587055
0.00050274711819953133
7
0.00007319464215216342
0.00006899519793424069
0.00007319462751431693
0.00007119491668294842
0.00007779394763085534
0.00007999355251964158
0.00007019507230587863
0.00007779393207330010
0.00007299465679111439
0.00007839380688923203
0.00007079495939887881
0.00006959514225901575
0.00007099495935791733
0.00006579565748665583
0.00007999360051191839
0.00008359299490701133
0.00006959514225901575
0.00006459581419127058
8
0.00000879992080071723
0.00000739994376042219
0.00000839992608070439
0.00000859992260071607
0.00001079988120133990
0.00000939990976089877
0.00000779993760047226
0.00001339982044246124
0.00000919990984082908
0.00001039988768125610
0.00001039988976114792
0.00000579996520022608
0.00000959990592097615
0.00000899991900071839
0.00000719994672038204
0.00000959990592097615
0.00000939991164083942
0.00000759994072041525
9
0.00000039999984002836
0.00000079999919999629
0.00000099999900005088
0.00000000000000000000
0.00000159999647997289
0.00000099999860003752
0.00000179999568006295
0.00000119999832004503
0.00000119999832004503
0.00000179999675997689
0.00000079999919999629
0.00000139999776005428
0.00000039999975998128
0.00000099999900005088
0.00000039999975998128
0.00000159999712001646
0.00000179999640004258
0.00000159999680005019
10
0.00000000000000000000
0.00000000000000000000
0.00000019999996003772
0.00000000000000000000
0.00000000000000000000
0.00000000000000000000
0.00000000000000000000
0.00000000000000000000
0.00000000000000000000
0.00000000000000000000
0.00000000000000000000
0.00000019999984002261
0.00000039999975998128
0.00000019999987999064
0.00000039999975998128
0.00000039999959999815
0.00000000000000000000
0.00000000000000000000
11
0.00000000000000000000
0.00000000000000000000
0.00000000000000000000
0.00000000000000000000
0.00000000000000000000
0.00000000000000000000
0.00000000000000000000
0.00000000000000000000
0.00000000000000000000
0.00000000000000000000
0.00000000000000000000
0.00000000000000000000
0.00000000000000000000
0.00000000000000000000
0.00000000000000000000
0.00000000000000000000
0.00000000000000000000
0.00000000000000000000
12
0.00000000000000000000
0.00000000000000000000
0.00000000000000000000
0.00000000000000000000
0.00000000000000000000
0.00000000000000000000
0.00000000000000000000
0.00000000000000000000
0.00000000000000000000
0.00000000000000000000
0.00000000000000000000
0.00000000000000000000
0.00000000000000000000
0.00000000000000000000
0.00000000000000000000
0.00000000000000000000
0.00000000000000000000
0.00000000000000000000
13
0.00000000000000000000
0.00000000000000000000
0.00000000000000000000
0.00000000000000000000
0.00000000000000000000
0.00000000000000000000
0.00000000000000000000
0.00000000000000000000
0.00000000000000000000
0.00000000000000000000
0.00000000000000000000
0.00000000000000000000
0.00000000000000000000
0.00000000000000000000
0.00000000000000000000
0.00000000000000000000
0.00000000000000000000
0.00000000000000000000
14
0.00000000000000000000
0.00000000000000000000
0.00000000000000000000
0.00000000000000000000
0.00000000000000000000
0.00000000000000000000
0.00000000000000000000
0.00000000000000000000
0.00000000000000000000
0.00000000000000000000
0.00000000000000000000
0.00000000000000000000
0.00000000000000000000
0.00000000000000000000
0.00000000000000000000
0.00000000000000000000
0.00000000000000000000
0.00000000000000000000
15
0.00000000000000000000
0.00000000000000000000
0.00000000000000000000
0.00000000000000000000
0.00000000000000000000
0.00000000000000000000
0.00000000000000000000
0.00000000000000000000
0.00000000000000000000
0.00000000000000000000
0.00000000000000000000
0.00000000000000000000
0.00000000000000000000
0.00000000000000000000
0.00000000000000000000
0.00000000000000000000
0.00000000000000000000
0.00000000000000000000
16
0.00000000000000000000
0.00000000000000000000
0.00000000000000000000
0.00000000000000000000
0.00000000000000000000
0.00000000000000000000
0.00000000000000000000
0.00000000000000000000
0.00000000000000000000
0.00000000000000000000
0.00000000000000000000
0.00000000000000000000
0.00000000000000000000
0.00000000000000000000
0.00000000000000000000
0.00000000000000000000
0.00000000000000000000
0.00000000000000000000
17
0.00000000000000000000
0.00000000000000000000
0.00000000000000000000
0.00000000000000000000
0.00000000000000000000
0.00000000000000000000
0.00000000000000000000
0.00000000000000000000
0.00000000000000000000
0.00000000000000000000
0.00000000000000000000
0.00000000000000000000
0.00000000000000000000
0.00000000000000000000
0.00000000000000000000
0.00000000000000000000
0.00000000000000000000
0.00000000000000000000
18
0.00000000000000000000
0.00000000000000000000
0.00000000000000000000
0.00000000000000000000
0.00000000000000000000
0.00000000000000000000
0.00000000000000000000
0.00000000000000000000
0.00000000000000000000
0.00000000000000000000
0.00000000000000000000
0.00000000000000000000
0.00000000000000000000
0.00000000000000000000
0.00000000000000000000
0.00000000000000000000
0.00000000000000000000
0.00000000000000000000
19
0.00000000000000000000
0.00000000000000000000
0.00000000000000000000
0.00000000000000000000
0.00000000000000000000
0.00000000000000000000
0.00000000000000000000
0.00000000000000000000
0.00000000000000000000
0.00000000000000000000
0.00000000000000000000
0.00000000000000000000
0.00000000000000000000
0.00000000000000000000
0.00000000000000000000
0.00000000000000000000
0.00000000000000000000
0.00000000000000000000
20
0.00000000000000000000
0.00000000000000000000
0.00000000000000000000
0.00000000000000000000
0.00000000000000000000
0.00000000000000000000
0.00000000000000000000
0.00000000000000000000
0.00000000000000000000
0.00000000000000000000
0.00000000000000000000
0.00000000000000000000
0.00000000000000000000
0.00000000000000000000
0.00000000000000000000
0.00000000000000000000
0.00000000000000000000
0.00000000000000000000
