1
0.80006369970527391189
0.80004319067081508532
0.80000961553768501489
0.79998389470320152572
0.79999874399211223785
0.79998928742623454102
0.79993716426455219182
0.80002615657871944954
0.80003264267141038779
0.80010138857571444504
0.80000310395182672174
0.80002730827078250009
0.80004266289744419005
0.80001900619365140521
0.80000095999539200253
0.79999596791871319112
0.80006361975619355587
0.80015504770778633770
2
0.61541264292224795440
0.61539568015504786391
0.61554762319238176538
0.61548787167999730041
0.61526654366997024503
0.61523106298113439117
0.61528907096484097838
0.61536347221478593372
0.61564656703200748566
0.61555298539962799431
0.61543036141309004350
0.61553424351225705102
0.61539144958270353136
0.61557542005104393112
0.61549610374589769357
0.61555114088658979821
0.61536856146332230555
0.61557620628918863215
3
0.45091392046864697818
0.45087164755902109370
0.45108401027482902812
0.45096871609389355129
0.45064098098800664527
0.45049071708844601325
0.45103087576789768764
0.45045283776205979898
0.45045253575987065364
0.45118132647032060945
0.45070555758428265669
0.45053853257113518627
0.45093852139120704781
0.45102545110867564571
0.45085190442362954588
0.45071346264780887125
0.45089251346054093350
0.45108732465121814670
4
0.31070350413453740046
0.31033760753728967252
0.31076422034422357399
0.31050317409863803508
0.31024850499842115958
0.31072916952426699044
0.31083139458834807556
0.31040628225142330443
0.31068754877744308995
0.31069357846530398781
0.31087987924415128038
0.31063974523466220123
0.31053912233871650006
0.31104267469715163319
0.31079035619849282313
0.31026083165956697130
0.31074897570446247119
0.31080270622803785052
5
0.19889896762192549318
0.19903037899128850352
0.19879630433800266065
0.19838114773153225912
0.19867120560301465559
0.19841658545297202743
0.19896272101415146683
0.19855974861719583036
0.19843428597261880686
0.19865312904129006633
0.19863729984580191790
0.19868674478289394258
0.19915315318778437081
0.19878808758843369286
0.19855107681052885926
0.19904705899125829660
0.19882730774142576280
0.19872225096137263733
6
0.11664077837312214481
0.11677466148649529032
0.11640050909417354319
0.11613247534630777302
0.11622074450550567981
0.11622986639875476644
0.11633993951174992354
0.11667045025930122826
0.11656900342859366493
0.11667446642332834905
0.11671365451836823723
0.11651688688946926220
0.11678796401512980818
0.11702172372055663629
0.11637724221259626578
0.11655495510776703316
0.11640558813269319405
0.11647592284439334254
7
0.06234504082830172322
0.06251273810052815350
0.06233197009067614758
0.06216280090482462217
0.06223737978830590212
0.06232303702133967782
0.06243994932679497456
0.06205902722804035321
0.06256666314817105334
0.06220060784344616511
0.06240143504942452513
0.06251465991527760391
0.06249494919759979172
0.06237575321609423185
0.06243452279717676134
0.06237821479651661782
0.06229064491633673484
0.06218181020184276875
8
0.03025317945914141049
0.03046829129058559182
0.03007859071336094203
0.02999033483529445210
0.03028232537383079848
0.03025766992532019639
0.03018885124945569487
0.03014954706044148391
0.03033816728666782758
0.03016553131400900867
0.03015349175708215146
0.03013992935932841011
0.03029061214832284854
0.03034889771098481237
0.03010796448023300709
0.03019109681226006536
0.03008967972248188794
0.03012392089313820076
9
0.01308237222437036440
0.01330225894490477678
0.01324383593652556090
0.01309133041077070736
0.01333827979544532916
0.01327090107221828852
0.01311665085352475835
0.01320002068331516121
0.01332873676356627346
0.01315190873006399919
0.01318404533349015750
0.01323001199911588710
0.01324421756987259613
0.01325415429453069560
0.01319593081718184457
0.01330401137146941526
0.01312970662738133232
0.01313789520118657794
10
0.00511212673585370592
0.00519071278440585981
0.00512262157247467265
0.00515389457984505306
0.00522970118522780858
0.00511648489488858438
0.00515270384139776549
0.00519922158906527265
0.00519348068257174944
0.00514775829173697019
0.00524395387517007094
0.00519605270304768219
0.00514300961170555127
0.00516775146404369057
0.00522178562546626868
0.00526967598694516592
0.00517824310205927674
0.00519447032041053802
11
0.00181310305340764977
0.00180931934216876922
0.00180353956118128878
0.00180453559510840300
0.00180732620930446064
0.00181728926242175071
0.00181669361761593873
0.00187368197472426168
0.00185016904652013370
0.00181729071361047545
0.00184060445290523678
0.00181629289389884097
0.00183223418580069630
0.00182526123215409619
0.00181649361831592859
0.00184737976111026825
0.00183761547980931805
0.00180672909764167944
12
0.00058305891053733738
0.00059324737376098557
0.00057227174492713306
0.00058026240333375334
0.00057706657093525848
0.00056268275946025348
0.00054829865505923170
0.00059943973671827688
0.00055069612587776984
0.00057367013966969083
0.00057726610928243716
0.00058745398960013961
0.00058245937775591727
0.00055549125795884002
0.00058765363694635031
0.00060703068253276093
0.00058645575047444609
0.00054989722658704832
13
0.00016677204900461540
0.00016437287847503868
0.00016797161279746842
0.00016577234917214412
0.00017257011085680674
0.00016037421182668599
0.00015017723313148768
0.00016417297712800760
0.00014797804005883819
0.00014757812892129962
0.00017716860572303261
0.00017476934545679335
0.00016277343537529632
0.00015617535552892026
0.00015557569907576063
0.00017736842841975520
0.00017416958998961451
0.00017057079827931254
14
0.00003879847909959988
0.00004379807288479309
0.00004519788473900110
0.00003979839214496295
0.00004139821159721002
0.00005199728574167839
0.00004039833558855399
0.00004259815975948822
0.00004639777290693647
0.00003939840042499476
0.00005279717007167228
0.00004079831910930309
0.00004159822791549583
0.00004259817679808098
0.00004039835174729500
0.00003859849465870369
0.00004159819463833703
0.00004339809048403698
15
0.00000739993932052929
0.00000959990400095645
0.00001279982592239381
0.00001019989188111303
0.00000899991540082024
0.00001039988144135862
0.00001059987916141036
0.00001279981056279134
0.00001159985152188181
0.00001039988144135862
0.00000959989824111940
0.00001239983880207962
0.00000919991168080170
0.00000779993760047226
0.00001239983632217445
0.00001099987020147797
0.00001019988780126546
0.00000839992272072543
16
0.00000199999439998155
0.00000279998992003261
0.00000459997608015517
0.00000139999748005604
0.00000219999472006460
0.00000159999488003049
0.00000259999168006342
0.00000339998640008776
0.00000179999460003799
0.00000179999603999725
0.00000199999479999491
0.00000219999119999148
0.00000139999692005954
0.00000259999219998086
0.00000259999012008905
0.00000299998740005414
0.00000159999712001646
0.00000319998784004127
17
0.00000039999975998128
0.00000000000000000000
0.00000119999736003518
0.00000079999839996958
0.00000059999963997193
0.00000039999951995107
0.00000039999951995107
0.00000079999792002017
0.00000039999959999815
0.00000019999984002261
0.00000039999944001501
0.00000019999975997553
0.00000059999916002251
0.00000000000000000000
0.00000059999940005273
0.00000059999940005273
0.00000039999975998128
0.00000079999904001316
18
0.00000000000000000000
0.00000000000000000000
0.00000059999916002251
0.00000019999996003772
0.00000019999991995867
0.00000000000000000000
0.00000000000000000000
0.00000000000000000000
0.00000019999975997553
0.00000019999984002261
0.00000000000000000000
0.00000019999975997553
0.00000019999980005458
0.00000000000000000000
0.00000000000000000000
0.00000039999951995107
0.00000019999972000750
0.00000000000000000000
19
0.00000000000000000000
0.00000000000000000000
0.00000000000000000000
0.00000000000000000000
0.00000000000000000000
0.00000000000000000000
0.00000000000000000000
0.00000000000000000000
0.00000000000000000000
0.00000000000000000000
0.00000000000000000000
0.00000000000000000000
0.00000000000000000000
0.00000000000000000000
0.00000000000000000000
0.00000000000000000000
0.00000000000000000000
0.00000000000000000000
20
0.00000000000000000000
0.00000000000000000000
0.00000000000000000000
0.00000000000000000000
0.00000000000000000000
0.00000000000000000000
0.00000000000000000000
0.00000000000000000000
0.00000000000000000000
0.00000000000000000000
0.00000000000000000000
0.00000000000000000000
0.00000000000000000000
0.00000000000000000000
0.00000000000000000000
0.00000000000000000000
0.00000000000000000000
0.00000000000000000000
