1
0.95001438086262579574
0.95000504049181766497
0.95000284283835623178
0.95003217078748192215
0.95000149945503131743
0.95003106918211466247
0.95002509539809487649
0.95002192638045834805
0.94999640374135707610
0.95000404417286687941
0.94999613420113504514
0.95002122648489961687
0.95003698661954527616
0.95003171936486441318
0.95002715174764096329
0.95002509689658953818
0.95000025149873490449
0.95002316875919490258
2
0.90018895424914102676
0.90019361038423795218
0.90018820109789765560
0.90019449693325692685
0.90026672462365608940
0.90010681975200246274
0.90021181236048497531
0.90015335443225663603
0.90024713965712876984
0.90019876410166232983
0.90023848981854182050
0.90017588406764903475
0.90016988087973082155
0.90014965766017418503
0.90014420771214886940
0.90023632612922033225
0.90017788496984907365
0.90022291393892794886
3
0.85078394057431028230
0.85047730019050382655
0.85060979116780943698
0.85070022462440819666
0.85056551366649557622
0.85059774324993409067
0.85072893361419765768
0.85060952335822248571
0.85060577392318248435
0.85051799678888873046
0.85062330537809360820
0.85056548102752826956
0.85065030415949483000
0.85060827356745416505
0.85081007115163242993
0.85060244837390386330
0.85074605747361053965
0.85072502527672133610
4
0.80147883912177131371
0.80138897346403359379
0.80155363565428117134
0.80138977027642399609
0.80133689856570100574
0.80128831859377069868
0.80137653131650654625
0.80130534363127381425
0.80147768803118835113
0.80128097386890095866
0.80125559485039243857
0.80138786896103786361
0.80143209470190168719
0.80140131150523219450
0.80143773291588160657
0.80137193146571639168
0.80140897890018902849
0.80122131143206964943
5
0.75255853037700393138
0.75216594399965974738
0.75260332886865077828
0.75266453104159680709
0.75245855491162927375
0.75251555364255728886
0.75254807232380582782
0.75246424126043520708
0.75248819703785041479
0.75237174486044144928
0.75266258514089023901
0.75251301792858615869
0.75270823829094224422
0.75262267988089281978
0.75253136699534273202
0.75250168669999317750
0.75266384535487484975
0.75253788283163147721
6
0.70429459042387376755
0.70422397321454988095
0.70427843033276982254
0.70428151525557214363
0.70395836947505352477
0.70413385539059580864
0.70419658838434406878
0.70396575952985074309
0.70422638773586587746
0.70418947240755558337
0.70392323234500442375
0.70417605956042261806
0.70414344910050519211
0.70391148525607993847
0.70405799415799230623
0.70421142756710053412
0.70420166993405242106
0.70406218049845104012
7
0.65639031931546965026
0.65614473098480918800
0.65614513298777343842
0.65634308795434481709
0.65617454759501259165
0.65626710713930447305
0.65620925225052029184
0.65629881839799963927
0.65619858452916557390
0.65603416814887105524
0.65590871131429295815
0.65599781875358664784
0.65607777255322330401
0.65588848540707112011
0.65619556291938074821
0.65616818313568181509
0.65640649591601807344
0.65638094662124946144
8
0.60896667868962106596
0.60927713871236055532
0.60873715319585786077
0.60883847015062286800
0.60865329149581137713
0.60878344104683779214
0.60872392608367076328
0.60907684937897632604
0.60914434042743459408
0.60901649291898296568
0.60864145079228859636
0.60902749557204716169
0.60914036484663391935
0.60864284624636888488
0.60886677442111192260
0.60844585800512529516
0.60886729456937249694
0.60890489456403595891
9
0.56243626347420683231
0.56211677053098441093
0.56211342332415348277
0.56246675298893855643
0.56205925714157589645
0.56173665604201150625
0.56249736951964302012
0.56234173755479144319
0.56263251122939461624
0.56239781458317450458
0.56252883477204251861
0.56228208248343247710
0.56284258878609105814
0.56216020395599963777
0.56262466819660339468
0.56270670820829682413
0.56228399844173360123
0.56252952374152842552
10
0.51666741099781166024
0.51625763259426982188
0.51651490257937870965
0.51636506440313034716
0.51593697200920263235
0.51654346924757266191
0.51637886424682433173
0.51655716222659053827
0.51651051428607896998
0.51661297051005461434
0.51685590098578604312
0.51639238582308477632
0.51685683469518262090
0.51651373378945986126
0.51673883192699754385
0.51624705528018777212
0.51651415774822051485
0.51661642547964370387
11
0.47149168425538823257
0.47153501920438667394
0.47197484576673931489
0.47181197638834759811
0.47143681397907566399
0.47166350422494252026
0.47164470156750049057
0.47119409633808995164
0.47183389751946125390
0.47183999065369919279
0.47228687869015928413
0.47129206233327225473
0.47194344395469023379
0.47126841290851173571
0.47196381649849983297
0.47113400557043194627
0.47150218047237890673
0.47198394073727378828
12
0.42795903555020842202
0.42751922758316207585
0.42782582186632045484
0.42732958708369661593
0.42801645845359270748
0.42776505320800495280
0.42746770323792637747
0.42716558143424820937
0.42768565124950275180
0.42786235542828698897
0.42773327204750444253
0.42690240797933642902
0.42803204752906909292
0.42734303274858298494
0.42820329024891856662
0.42774956397456509460
0.42778167076202511243
0.42788782140619374683
13
0.38497488979999916481
0.38496934816980810101
0.38511300673484105683
0.38505380279736178828
0.38460715730126604495
0.38494998055216111954
0.38449397863853262969
0.38426287100712119837
0.38496503595424991229
0.38477783137036802863
0.38527108127852494057
0.38481142112309318914
0.38489406484358690275
0.38455982470336469436
0.38501798879923432306
0.38483715506511051441
0.38457067613145834439
0.38495219365015942437
14
0.34341792627232803348
0.34359484670679041329
0.34427014017375234811
0.34322033731327639128
0.34294436959868712655
0.34347844697866936059
0.34281080926197982084
0.34274506803753912454
0.34321667658845356197
0.34302992557203892954
0.34341646053280039386
0.34282234630879826476
0.34386725886453062273
0.34332936661524071642
0.34336830896928205448
0.34344336410476206112
0.34372007780312618941
0.34308905063457439955
15
0.30292930825073527412
0.30364834541640062238
0.30334315199531181051
0.30278168412612649352
0.30259692908874136208
0.30322803791376462534
0.30269275648881055485
0.30313023391492555092
0.30300385103387983410
0.30346123144947945161
0.30257006396391006309
0.30286100858161757454
0.30296814907297797692
0.30306642943114348032
0.30317431338418288078
0.30248579515731000011
0.30304185138329076121
0.30306229449974009249
16
0.26456723627770051266
0.26499815735443432718
0.26522134120857254747
0.26481548519296937982
0.26462390545090119787
0.26496811073077397580
0.26466042120124710912
0.26490759546802100655
0.26479539974947241543
0.26468414301676901346
0.26458540014899456505
0.26471147053235355440
0.26508453560243194769
0.26434850825773681393
0.26538712153768739821
0.26477327651908111328
0.26517331717111392031
0.26483997519282465039
17
0.22730258841986816787
0.22845132746093965714
0.22861753066660994715
0.22780629737393209844
0.22812306645408209071
0.22790490969064258753
0.22814459831075351026
0.22803665334930156572
0.22860499958113378316
0.22807643747917738519
0.22840361785098661773
0.22852474344672435436
0.22860178630605654249
0.22797948901649489617
0.22785166877874507563
0.22846581690163669798
0.22806459043383264795
0.22828913758483004859
18
0.19439042396560768378
0.19440983551354829029
0.19432130125150581801
0.19399118647597834997
0.19386211929058816406
0.19418928529814338813
0.19389178289769504193
0.19372955808619740647
0.19389720999099746557
0.19386601840816808373
0.19422567737215223893
0.19386536361253137173
0.19428430451824485470
0.19408859547366230647
0.19413821352976090573
0.19332035766132016352
0.19342361796026563692
0.19393174168615467945
19
0.16266107415481811937
0.16271584078583922750
0.16224972270532367347
0.16178190165603167916
0.16162629320903976193
0.16188310184059939711
0.16215920934893279792
0.16235585656294604373
0.16181560814417250693
0.16186753456699354281
0.16230567011924212917
0.16214443589833815729
0.16214982995043958347
0.16187138694532221539
0.16237704571999489467
0.16242679838643614421
0.16179107239939383156
0.16200280728217375525
20
0.13301692032766299079
0.13414650618633394696
0.13335699841283354949
0.13314683336084143228
0.13304402527064540518
0.13327282437743581678
0.13321903411380975335
0.13387856080871929354
0.13355561612947552952
0.13280296899503651886
0.13349243507110186702
0.13331078792559947210
0.13325828532757166833
0.13338688990571268000
0.13278038453419982456
0.13356303072322450731
0.13309029891465007367
0.13331722464102979675
