1
0.00000000000000000000
0
0.00000000000000000000
0
0.00000000000000000000
0.39474025927484035492
0.00000000000000000000
0
0.00000000000000000000
0
0.00000000000000000000
0
0.00000000000000000000
0
0.00000000000000000000
0
0.00000000000000000000
0
0.00000000000000000000
0
0.00000000000000000000
0
0.00000000000000000000
3.48555723857134580612
0.00000000000000000000
1.04802093934267759323
0.00000000000000000000
0.86452935030683875084
0.00000000000000000000
1.04787619813578203321
0.00000000000000000000
0.68117851298302412033
0.00000000000000000000
0
0.00000000000000000000
0
2
0.00000199993600202841
0.61308622956691183337
0.00000239990352390862
0.61932020122089803671
0.00000099996600111396
0.65457281111347820346
0.00000219992344263620
0.66404153454116099375
0.00000239991552297703
0.63104052524553577719
0.00000319987648478293
0.65051825035731758451
0.00000139995800130244
0.57058411308360590386
0.00000239990112405053
0.63771068332620106656
0.00000299989080398966
0.60778533848158511343
0.00000299987700502768
0.68329241422957198715
0.00000119995488168101
0.54453049587405022436
0.00000199991120397591
0.72600800209336135982
0.00000179993376248078
0.63639575758175492837
0.00000259991420281658
0.63492969209614891213
0.00000099996920099876
0.58668318170750943796
0.00000259991472284504
0.63858864610469068257
0.00000259991576267993
0.60207937285105117553
0.00000299991120267240
0.62029942933444648379
3
0.00003517406264619272
0.50518563875830557741
0.00003417383651072026
0.51267891938497378579
0.00003357421500282953
0.51514408758727481263
0.00003177592020764397
0.49649560795342012609
0.00003956919933523206
0.49169076486265289594
0.00003757212148580713
0.50807979406697034719
0.00003697239640887418
0.48778237047837158524
0.00003856935279222817
0.50045121275533499539
0.00003277469138329714
0.49405804550415399756
0.00004036923864014774
0.51963130860209416628
0.00004276621469034847
0.50564039687239359377
0.00003497263740848133
0.50171499292134213999
0.00003697064530761018
0.49598946790944153928
0.00003877118525508205
0.49809508737001062517
0.00003697207868613717
0.50383985834887390354
0.00003737064909214993
0.50268964317278574949
0.00003297476111785436
0.49813336909167466038
0.00004136853509217886
0.51690165850721714325
4
0.00020296722158963387
0.43725725479210209024
0.00021866895668842812
0.43893081312048853881
0.00021270368267878315
0.43817783583056613139
0.00021728441833934742
0.43931528543328268732
0.00021508311639317768
0.43240690045911789330
0.00023020234925774652
0.43662973522884523936
0.00022802076779726566
0.43547746819449811850
0.00022581573197522076
0.43659722346925639025
0.00021666997938951660
0.43431301994464155403
0.00022463307609632555
0.43945601479109619447
0.00021747361714730129
0.44052937920439511066
0.00021786904180398636
0.43718770207840162989
0.00022084955052137367
0.44609849379944360726
0.00022483172936782481
0.43399959145494115820
0.00022921632688799320
0.43471160911213635458
0.00022780230659280587
0.43654292787349480154
0.00021806935401336158
0.43194997696419262789
0.00021369829978523658
0.43586396839749991239
5
0.00072411637475178203
0.40559170127140437012
0.00075875901271782453
0.40429477101003929995
0.00075119133330181498
0.40731138442395542487
0.00072779932220001786
0.40410374453143566020
0.00074626514028841573
0.40435109077184172577
0.00074377646807499698
0.40239030176334988909
0.00073681099482247880
0.40328176929204978540
0.00071715393739690825
0.40565009256698331130
0.00073193937625726235
0.40416032548389380086
0.00075639964764184775
0.40639707227070265283
0.00075343123423110558
0.40375659493244109299
0.00072067698864630714
0.40449864042522970520
0.00074869126293197752
0.40839555847872455185
0.00073830575715516655
0.40351208499388785400
0.00075210958884741608
0.40517765973788660849
0.00073407168497630071
0.40516051485350668138
0.00074337763623189002
0.40386853672747030641
0.00073133265541702741
0.40403395510913792110
6
0.00165575086233837876
0.38743921399804093220
0.00170189584037594432
0.38942738187591624532
0.00169127488526632508
0.38942255491440719295
0.00166941680481169641
0.38788946675487318005
0.00165679549302633067
0.38782543528455298842
0.00167487422655243634
0.38734829178175655962
0.00168353164976342562
0.38668084356894494302
0.00168372909258096559
0.38968474410493414428
0.00167661948200459321
0.38828700561643192390
0.00169432001844938007
0.38821691846904415879
0.00167518807584587925
0.38743097795188718990
0.00166916566215602469
0.38672096688345242166
0.00167192268429328106
0.38999636735218845551
0.00169886238602334760
0.38752248722721793772
0.00169057517260307044
0.38753518399015846052
0.00168919080545903988
0.38972991196313311324
0.00167307889189860504
0.38958780765411993308
0.00170754052729360506
0.38799354644653372137
7
0.00300467047128027964
0.38129945470851545064
0.00303886451761270493
0.38193640052932359419
0.00299129214719950909
0.38455124387129702157
0.00299050292342484259
0.38172983196492543678
0.00301192446518583345
0.38094551638207757582
0.00303083780292723315
0.38185736076259152449
0.00306585527136415958
0.38126768967585922265
0.00303386368701086262
0.38343267222943694383
0.00305966287354908495
0.38238881609527325400
0.00300498287631478789
0.38190696357697095920
0.00302139908945298075
0.38103029836075680281
0.00306727216181523765
0.38153864378582330597
0.00301936294537119565
0.38317455826529622787
0.00303628493113750064
0.38300629667791058486
0.00305296372551477901
0.38184977725752466959
0.00306846896698076410
0.38374477167237203146
0.00302119645347898036
0.38317185963364419621
0.00300907494112834240
0.38171905271788314495
8
0.00466745113191313621
0.38401988267952047451
0.00469350898105158620
0.38393239920071575710
0.00466677508332336011
0.38563019754066851785
0.00468794277772377477
0.38463989753857008580
0.00466122780666633485
0.38453887974700934338
0.00471014823645610203
0.38377679049441415504
0.00476506745799964992
0.38486138517021328820
0.00479165938728920437
0.38613232899303884249
0.00473371430377489411
0.38446332459446347363
0.00464872758031342759
0.38433393518381919751
0.00470799342085626016
0.38537927888111467301
0.00470585012194013608
0.38511306987599808194
0.00464138400826008546
0.38441930092605897107
0.00467253538374989841
0.38481636755673404027
0.00466226543564263185
0.38406142452632036077
0.00474124785556151451
0.38626404109518602814
0.00469807577279923727
0.38470859438836774169
0.00471094664926252626
0.38346880752995521346
9
0.00657569602389218577
0.39256309607427303243
0.00663061021079036639
0.39395053220599240973
0.00656642374425209230
0.39491895192071480025
0.00660881753597042376
0.39460928276464801723
0.00657509945989898092
0.39468688665687678974
0.00664074396824876345
0.39329831527801500934
0.00664401262899672052
0.39471955017853194159
0.00664903127897253921
0.39565452859888627923
0.00664754526148336744
0.39476093881621820980
0.00662311927338188333
0.39361265060626537959
0.00662278980382857707
0.39389280901838324978
0.00661675922886340029
0.39440815437974829916
0.00661625095529894125
0.39377851123017387769
0.00659282783772985326
0.39515950772728125617
0.00661156007295859993
0.39386762911487005479
0.00675017386937493136
0.39545219484332994053
0.00651578096571725496
0.39444669314210761835
0.00662112490740907056
0.39320756359005243352
10
0.00877920237717266794
0.41008417991412815518
0.00878085877075196475
0.40982606592961196013
0.00876903191445266295
0.41162733839662440927
0.00875369528469183145
0.41103081094280691232
0.00875943039673432455
0.40980988970156112527
0.00877084057748056534
0.41083648930409027988
0.00880413289380455044
0.41085403640513390444
0.00881214978173749941
0.41132911926136350722
0.00879365024060507761
0.41004100429722623034
0.00877222474466188284
0.40975715566642872956
0.00876159959496136675
0.41074856536477738489
0.00875882477244327440
0.41066790180544343603
0.00878327008143153787
0.41025493891845149497
0.00882672714327314978
0.41280056211214244399
0.00878538203371870274
0.41054392309696102759
0.00882649292171933109
0.41211371088704812360
0.00872412463277361105
0.41089977700836516350
0.00873166824812643405
0.41047901304008876933
11
0.01117406446748769877
0.43307644432158148851
0.01128188455233714027
0.43442021676758468818
0.01124541452134852904
0.43638500038296113015
0.01121196519460576635
0.43530310426486823472
0.01118926877147063959
0.43420950781831701981
0.01122942076870170336
0.43443589159127671273
0.01127436245468727005
0.43463015491024292736
0.01125765530183087115
0.43590297447175274659
0.01123594840444441800
0.43538706845795316358
0.01117100736795051397
0.43434472263059398234
0.01131329116266843737
0.43503230975178819318
0.01121261105063842134
0.43496135627871640450
0.01118816549011492079
0.43343215365138859640
0.01119245539348223684
0.43582084349453364958
0.01118059197657894632
0.43432852728339149673
0.01133121496002220674
0.43644163944131675326
0.01116613448790670926
0.43444370796515646704
0.01115437297359656021
0.43433365939379137144
12
0.01399495144557383330
0.46602581770070589107
0.01401324901692213576
0.46710321988453279429
0.01405890957875455261
0.46895750440314765140
0.01397069856284360867
0.46752596113830735547
0.01404781888209738483
0.46772052630789739958
0.01404304417930057891
0.46883030493503063951
0.01406266839324710194
0.46796812368595042120
0.01404639855226819112
0.46909456813785632701
0.01394098583104330658
0.46744133079419364352
0.01397665813888182562
0.46873809965412366330
0.01404903867320950184
0.46884981787174850876
0.01394100827605870840
0.46757326970113616271
0.01404172135496661866
0.46781563056605030004
0.01401839542713678721
0.46969411675192040967
0.01398842301773184360
0.46658437954753562149
0.01407848221223795271
0.46880930685455884932
0.01392932376602151745
0.46788092987775908860
0.01398213110402024562
0.46762924192062338413
13
0.01727979599873052940
0.51166827344300280789
0.01724966646804160231
0.51186185111487580990
0.01741501526021382862
0.51345304626739629583
0.01727320876624827140
0.51203537689585920667
0.01736583404549241205
0.51233311637221756740
0.01737069684326497665
0.51326788190602945505
0.01736950374709855804
0.51330192259096163454
0.01739647271900313097
0.51359370608016630122
0.01735486707271816087
0.51292960590756908612
0.01731336305577713119
0.51320400271113908452
0.01736989548511624903
0.51227033967191337727
0.01724246443741705992
0.51059471085598084894
0.01734379394965412935
0.51192995157949183760
0.01732475860854787442
0.51287896601607874114
0.01731732917925876691
0.51262150047325050206
0.01748446615756771294
0.51409894382316778660
0.01718737644509815699
0.51195246542412731205
0.01727885372693627186
0.51190494684555298832
14
0.02140658653663540800
0.57077641533617307079
0.02149770625772751131
0.57337147448352387968
0.02146961119856516387
0.57368419774144174816
0.02141069618321489454
0.57293071478962931398
0.02151112629863272119
0.57220587882437279337
0.02150965814082606009
0.57465832977738395826
0.02152037945288576282
0.57434096982286941824
0.02142725961397784484
0.57313782380722100296
0.02138356541674157896
0.57385055260132444843
0.02145831101233119931
0.57396602921447104073
0.02136018267855865904
0.57244291552392623235
0.02132846281586076032
0.57158508625121140501
0.02137531529209990566
0.57099774153041182867
0.02140092361526846343
0.57334292013300602875
0.02137043000452665265
0.57277469348552434436
0.02154429721798556407
0.57464375082964913588
0.02123667094800740784
0.57170685493901707286
0.02146380547369020064
0.57261468861994857527
15
0.02651219760236167566
0.65227445803834804838
0.02654883336774727098
0.65253891944873021469
0.02656409941931492380
0.65505901837356683703
0.02651170386011580948
0.65207195610633661431
0.02674386402330686252
0.65540959828489098182
0.02668015785730593059
0.65598652295689052760
0.02659966091371179786
0.65361599641465961685
0.02654733947404308569
0.65318879740273949608
0.02664609145694085690
0.65522320398763456151
0.02662914706967201006
0.65531548151563945304
0.02661711003551270327
0.65333331822265883204
0.02643381667397071144
0.65176621422312275289
0.02659312266238766931
0.65233772709749182628
0.02658077414207793421
0.65436582955111688431
0.02665700774070667300
0.65484068103707349096
0.02668941760522547391
0.65460849587240010905
0.02651483799494469551
0.65367419528475245727
0.02662792772909983174
0.65493646334660138297
16
0.03327443346288916359
0.76207818116836922862
0.03331808953613146773
0.76181105821192884875
0.03340284752666933255
0.76540878554641567089
0.03345669783047100498
0.76555503280545200706
0.03355094440909522913
0.76625158845094099025
0.03358920786915398082
0.76992751168835715792
0.03349868547508128014
0.76665531007580878242
0.03326975757746031270
0.76303181177091006226
0.03352762615108728639
0.76583134696109844697
0.03350738736694636177
0.76617845022651831499
0.03346826474518849182
0.76531541844247874540
0.03334557413309147123
0.76385066480059393701
0.03348398281254394426
0.76366959284773106020
0.03340448664297324122
0.76604671013577585459
0.03349445086855284970
0.76623753312043518804
0.03356390473844217404
0.76634549427218312534
0.03334705073604049552
0.76487135197377154050
0.03337036649396341037
0.76491960885565024597
17
0.04261529343818160065
0.91558952052127373644
0.04263077013297089657
0.91648620019562987427
0.04256056570687194451
0.91645834976372864134
0.04271860770999413859
0.91864205254521813515
0.04274560479882583142
0.91881467155424356719
0.04284702342521673479
0.92268247894044563839
0.04284134834118236146
0.92147352964001827402
0.04265222455342931873
0.91862475648857133681
0.04270387496371608194
0.91791400840839221242
0.04282236211653644986
0.92134773716077600358
0.04267772059515539951
0.91800308313041822927
0.04239099559456915856
0.91227475935352275727
0.04257234201042603416
0.91537388683491272001
0.04268450547760360703
0.91757858380954970823
0.04257640875600399166
0.91761324551710254926
0.04273176654125687701
0.92015576763289064210
0.04252595304411610488
0.91697188097178061739
0.04272890866739254001
0.91872758688829103679
18
0.05519980599716434178
1.12495540461280008060
0.05515518141943187569
1.12276453709122581159
0.05527911708527522006
1.12679243307993215417
0.05509843937830583016
1.12421612004720938849
0.05532753287407687903
1.12718001662144784447
0.05559450870025572922
1.13371334564133730005
0.05541096802315503833
1.13115887904723844137
0.05537121322556237679
1.13013108091343084105
0.05544881090670861212
1.12970380639534884182
0.05531794275537105232
1.12681805997915551742
0.05543341792859690642
1.13022448139616393803
0.05517433060469034700
1.12190263986613936176
0.05518716581876659255
1.12568911405217142452
0.05542169724502477024
1.12843126956870065669
0.05530092124604557569
1.13063240948315901768
0.05554421920339780439
1.13016100238137506828
0.05537213268836549407
1.13038484886884726954
0.05561455535900960978
1.13284776376135920550
19
0.07266145179238336915
1.41223308282518700274
0.07225233301696365462
1.40594540540098877912
0.07229560239275512057
1.40901474499947010344
0.07271733879905606379
1.41403569455173361291
0.07274392744055002691
1.41295801450712077418
0.07296048467748561528
1.41781611634672377598
0.07270340621163817740
1.41462719046390605904
0.07268507120008804723
1.41311165734331845023
0.07267625238636088447
1.41263439196562745614
0.07248435987573598194
1.41082115487362136363
0.07230067128427086764
1.40792756050165501769
0.07207554919557002115
1.40215124513416067309
0.07231461793094484669
1.40609690591162661555
0.07259453125717829636
1.40990313163293712329
0.07253971386733581994
1.41063956677366375558
0.07240481006511256812
1.40852308156310535026
0.07258227124247762507
1.41103773980221869344
0.07252764532897804095
1.41115042327665207722
20
0.09531252829851144526
1.77543778390366102649
0.09495997857611193638
1.77014089111920580599
0.09514721682471660724
1.77502311066659235195
0.09530982981912439200
1.77637675372933667717
0.09502030087184387686
1.77380731155468351901
0.09557107468288772445
1.78351094977601176694
0.09540093592096143826
1.77792459836799654482
0.09526415535823795633
1.77788648670203230928
0.09512346086417333701
1.77320233788609971093
0.09515733791736991076
1.77475293022703906054
0.09536328684147221679
1.77718476716613293931
0.09508961796410031475
1.77191390237144807962
0.09503306827606561313
1.77451615053041922287
0.09514534696717513729
1.77386127124169834524
0.09514613238839264575
1.77587792525534893251
0.09558691317875789295
1.78086366189040101737
0.09493379219979403150
1.77073708676999852507
0.09541920845198281764
1.78112693354110662725
